2.069275856018066406e+00
1.758441090583801270e+00
1.617624640464782715e+00
1.550983905792236328e+00
1.517617225646972656e+00
1.485016107559204102e+00
1.457324147224426270e+00
1.438065171241760254e+00
1.412858963012695312e+00
1.399488806724548340e+00
1.388085722923278809e+00
1.375964522361755371e+00
1.364331007003784180e+00
1.361499309539794922e+00
1.355422616004943848e+00
1.348534226417541504e+00
1.338282465934753418e+00
1.335165739059448242e+00
1.329422473907470703e+00
1.322356224060058594e+00
1.319953203201293945e+00
1.311696171760559082e+00
1.306988954544067383e+00
1.307391643524169922e+00
1.294606924057006836e+00
1.294227480888366699e+00
1.290002703666687012e+00
1.284719824790954590e+00
1.277736902236938477e+00
1.274685621261596680e+00
1.275484561920166016e+00
1.274902701377868652e+00
1.265215396881103516e+00
1.261689186096191406e+00
1.258494496345520020e+00
1.257545232772827148e+00
1.257074356079101562e+00
1.249200940132141113e+00
1.248739719390869141e+00
1.246980428695678711e+00
1.245982408523559570e+00
1.241007566452026367e+00
1.240930199623107910e+00
1.237794756889343262e+00
1.216087698936462402e+00
1.209144711494445801e+00
1.209771275520324707e+00
1.210563182830810547e+00
1.204194545745849609e+00
1.193325519561767578e+00
1.191697955131530762e+00
1.192842006683349609e+00
1.191222548484802246e+00
1.188101768493652344e+00
1.188878536224365234e+00
1.185209035873413086e+00
1.186879873275756836e+00
1.185759425163269043e+00
1.182774543762207031e+00
1.184852838516235352e+00
1.182736396789550781e+00
1.174891829490661621e+00
1.175192594528198242e+00
1.174412488937377930e+00
1.173425436019897461e+00
1.173148036003112793e+00
1.167670965194702148e+00
1.167743086814880371e+00
1.167897701263427734e+00
1.167381048202514648e+00
1.168958544731140137e+00
1.167689085006713867e+00
1.166948556900024414e+00
1.165402650833129883e+00
1.163206458091735840e+00
1.167013645172119141e+00
1.165840506553649902e+00
1.166369795799255371e+00
1.163386464118957520e+00
1.162451624870300293e+00
1.160286545753479004e+00
1.164145469665527344e+00
1.162937879562377930e+00
1.161094903945922852e+00
1.161848664283752441e+00
1.162231683731079102e+00
1.164380431175231934e+00
1.164345383644104004e+00
1.161392331123352051e+00
1.161496877670288086e+00
1.163086652755737305e+00
1.160314321517944336e+00
1.161218762397766113e+00
1.162514686584472656e+00
1.163791775703430176e+00
1.161661386489868164e+00
1.164157152175903320e+00
1.161155462265014648e+00
