2.391590923070907593e-01
3.505454659461975098e-01
4.012424349784851074e-01
4.212348461151123047e-01
4.320909082889556885e-01
4.404545426368713379e-01
4.499924182891845703e-01
4.541590809822082520e-01
4.626969695091247559e-01
4.669772684574127197e-01
4.707424342632293701e-01
4.737575650215148926e-01
4.775833189487457275e-01
4.788636267185211182e-01
4.812121093273162842e-01
4.829166531562805176e-01
4.873333275318145752e-01
4.881287813186645508e-01
4.895984828472137451e-01
4.922499954700469971e-01
4.938333332538604736e-01
4.958030283451080322e-01
4.987878799438476562e-01
4.957727193832397461e-01
4.998787939548492432e-01
4.994772672653198242e-01
5.028560757637023926e-01
5.032424330711364746e-01
5.052121281623840332e-01
5.052348375320434570e-01
5.070303082466125488e-01
5.068333148956298828e-01
5.094166398048400879e-01
5.097954273223876953e-01
5.094848275184631348e-01
5.103560686111450195e-01
5.128181576728820801e-01
5.149090886116027832e-01
5.157727003097534180e-01
5.152878761291503906e-01
5.140757560729980469e-01
5.177272558212280273e-01
5.183712244033813477e-01
5.180681943893432617e-01
5.252196788787841797e-01
5.299015045166015625e-01
5.288636088371276855e-01
5.282499790191650391e-01
5.306894183158874512e-01
5.347121357917785645e-01
5.353711843490600586e-01
5.354848504066467285e-01
5.350227355957031250e-01
5.365605950355529785e-01
5.368787646293640137e-01
5.357272624969482422e-01
5.373485088348388672e-01
5.363788008689880371e-01
5.384924411773681641e-01
5.385833382606506348e-01
5.380833148956298828e-01
5.408636331558227539e-01
5.413560867309570312e-01
5.402045249938964844e-01
5.422954559326171875e-01
5.404393672943115234e-01
5.449166893959045410e-01
5.434015393257141113e-01
5.444621443748474121e-01
5.446060895919799805e-01
5.432348251342773438e-01
5.447121262550354004e-01
5.436818003654479980e-01
5.450378656387329102e-01
5.456287860870361328e-01
5.447651743888854980e-01
5.442424416542053223e-01
5.448712110519409180e-01
5.449393987655639648e-01
5.443257689476013184e-01
5.467272996902465820e-01
5.440681576728820801e-01
5.443636178970336914e-01
5.460530519485473633e-01
5.458863377571105957e-01
5.452197194099426270e-01
5.465681552886962891e-01
5.449621081352233887e-01
5.475454330444335938e-01
5.473333597183227539e-01
5.446666479110717773e-01
5.466060638427734375e-01
5.455378890037536621e-01
5.456439256668090820e-01
5.450606346130371094e-01
5.455303192138671875e-01
5.448485016822814941e-01
5.473105907440185547e-01
