2.192007541656494141e+00
1.995168805122375488e+00
1.845869898796081543e+00
1.754765152931213379e+00
1.636993169784545898e+00
1.592478513717651367e+00
1.566611409187316895e+00
1.532244324684143066e+00
1.496449828147888184e+00
1.469266057014465332e+00
1.445898771286010742e+00
1.426263213157653809e+00
1.408238172531127930e+00
1.399585843086242676e+00
1.382506370544433594e+00
1.366548418998718262e+00
1.354934930801391602e+00
1.335364818572998047e+00
1.307667613029479980e+00
1.264588356018066406e+00
1.230780124664306641e+00
1.219137668609619141e+00
1.204607486724853516e+00
1.196976065635681152e+00
1.192583084106445312e+00
1.182410359382629395e+00
1.187405824661254883e+00
1.210051655769348145e+00
1.176760077476501465e+00
1.165765047073364258e+00
1.159028887748718262e+00
1.149960160255432129e+00
1.142519235610961914e+00
1.136763334274291992e+00
1.126314759254455566e+00
1.121080040931701660e+00
1.115240573883056641e+00
1.101990818977355957e+00
1.092065572738647461e+00
1.086506485939025879e+00
1.073963403701782227e+00
1.070491552352905273e+00
1.057352185249328613e+00
1.048015236854553223e+00
1.031257748603820801e+00
1.025081276893615723e+00
1.009832739830017090e+00
1.000970005989074707e+00
9.857012033462524414e-01
9.756931066513061523e-01
9.640890359878540039e-01
9.534109234809875488e-01
9.424726366996765137e-01
9.317566156387329102e-01
8.818588852882385254e-01
8.705583810806274414e-01
8.604056835174560547e-01
8.505620956420898438e-01
8.426447510719299316e-01
8.348504304885864258e-01
8.013311028480529785e-01
7.883926033973693848e-01
7.808153629302978516e-01
7.752472162246704102e-01
7.677699327468872070e-01
7.466970682144165039e-01
7.403318285942077637e-01
7.351263165473937988e-01
7.315938472747802734e-01
7.274180650711059570e-01
7.149448394775390625e-01
7.111608982086181641e-01
7.084768414497375488e-01
7.059889435768127441e-01
7.034220099449157715e-01
6.968696117401123047e-01
6.951824426651000977e-01
6.937202811241149902e-01
6.924386620521545410e-01
6.912371516227722168e-01
6.875714063644409180e-01
6.867183446884155273e-01
6.858804821968078613e-01
6.852374076843261719e-01
6.845524907112121582e-01
