1.897272765636444092e-01
2.606136500835418701e-01
3.137121200561523438e-01
3.392878770828247070e-01
3.739242553710937500e-01
3.893484771251678467e-01
3.975757658481597900e-01
4.112424254417419434e-01
4.249242544174194336e-01
4.346818327903747559e-01
4.454318284988403320e-01
4.533333480358123779e-01
4.610833227634429932e-01
4.663560688495635986e-01
4.748939275741577148e-01
4.837424159049987793e-01
4.895909130573272705e-01
4.989772737026214600e-01
5.110605955123901367e-01
5.294242501258850098e-01
5.402120947837829590e-01
5.446515083312988281e-01
5.482802987098693848e-01
5.523181557655334473e-01
5.539469718933105469e-01
5.585454702377319336e-01
5.558484792709350586e-01
5.490757822990417480e-01
5.597045421600341797e-01
5.642499923706054688e-01
5.663787722587585449e-01
5.696439146995544434e-01
5.721515417098999023e-01
5.750303268432617188e-01
5.780530571937561035e-01
5.791666507720947266e-01
5.828711986541748047e-01
5.870833396911621094e-01
5.902272462844848633e-01
5.923787951469421387e-01
5.965303182601928711e-01
5.974772572517395020e-01
6.033787727355957031e-01
6.072424054145812988e-01
6.123181581497192383e-01
6.151515245437622070e-01
6.211136579513549805e-01
6.233711838722229004e-01
6.307045221328735352e-01
6.340606212615966797e-01
6.383787989616394043e-01
6.417272686958312988e-01
6.456363797187805176e-01
6.484621167182922363e-01
6.672045588493347168e-01
6.714696884155273438e-01
6.750075817108154297e-01
6.790454387664794922e-01
6.823636293411254883e-01
6.848560571670532227e-01
6.982045173645019531e-01
7.012878656387329102e-01
7.048030495643615723e-01
7.065379023551940918e-01
7.094772458076477051e-01
7.182045578956604004e-01
7.203939557075500488e-01
7.225530147552490234e-01
7.244772911071777344e-01
7.258712053298950195e-01
7.311969399452209473e-01
7.323257327079772949e-01
7.338106036186218262e-01
7.341591119766235352e-01
7.355227470397949219e-01
7.380530238151550293e-01
7.390378713607788086e-01
7.393333315849304199e-01
7.400909066200256348e-01
7.409772872924804688e-01
7.417651414871215820e-01
7.425909042358398438e-01
7.431363463401794434e-01
7.431969642639160156e-01
7.431287765502929688e-01
