2.381060570478439331e-01
3.432121276855468750e-01
3.760833442211151123e-01
3.980454504489898682e-01
4.149166643619537354e-01
4.309772849082946777e-01
4.428560733795166016e-01
4.540606141090393066e-01
4.608787894248962402e-01
4.663408994674682617e-01
4.712424278259277344e-01
4.750378727912902832e-01
4.778484702110290527e-01
4.807196855545043945e-01
4.834545552730560303e-01
4.857121109962463379e-01
4.891287982463836670e-01
4.903181791305541992e-01
4.931742548942565918e-01
4.960454404354095459e-01
4.968712031841278076e-01
5.001817941665649414e-01
5.035227537155151367e-01
5.060606002807617188e-01
5.090454816818237305e-01
5.120454430580139160e-01
5.156136155128479004e-01
5.180833339691162109e-01
5.202500224113464355e-01
5.217499732971191406e-01
5.232348442077636719e-01
5.262348651885986328e-01
5.255833268165588379e-01
5.271742343902587891e-01
5.291818380355834961e-01
5.300454497337341309e-01
5.326439142227172852e-01
5.327954292297363281e-01
5.351742506027221680e-01
5.357954502105712891e-01
5.386515259742736816e-01
5.403030514717102051e-01
5.411742329597473145e-01
5.442045331001281738e-01
5.432803034782409668e-01
5.446742177009582520e-01
5.464772582054138184e-01
5.471969842910766602e-01
5.501818060874938965e-01
5.483560562133789062e-01
5.524621009826660156e-01
5.513257384300231934e-01
5.533030033111572266e-01
5.543939471244812012e-01
5.549772977828979492e-01
5.545303225517272949e-01
5.570681691169738770e-01
5.575606226921081543e-01
5.582196712493896484e-01
5.591060519218444824e-01
5.624469518661499023e-01
5.643787980079650879e-01
5.625000000000000000e-01
5.651212334632873535e-01
5.655605792999267578e-01
5.666363835334777832e-01
5.667575597763061523e-01
5.707045197486877441e-01
5.700606107711791992e-01
5.698333382606506348e-01
5.708636641502380371e-01
5.705454349517822266e-01
5.732727050781250000e-01
5.730454325675964355e-01
5.717954635620117188e-01
5.719090700149536133e-01
5.714242458343505859e-01
5.723636150360107422e-01
5.747045278549194336e-01
5.750530362129211426e-01
5.746363401412963867e-01
5.756288170814514160e-01
5.746818184852600098e-01
5.757499933242797852e-01
5.752878785133361816e-01
5.759545564651489258e-01
5.758939385414123535e-01
5.757499933242797852e-01
5.762954354286193848e-01
5.766439437866210938e-01
5.752272605895996094e-01
5.753560662269592285e-01
5.766212344169616699e-01
5.762121081352233887e-01
5.757727026939392090e-01
5.746969580650329590e-01
5.763711929321289062e-01
5.774545669555664062e-01
5.755151510238647461e-01
5.766060352325439453e-01
5.776515007019042969e-01
5.762348771095275879e-01
