2.074194669723510742e+00
1.761003851890563965e+00
1.639971375465393066e+00
1.579521298408508301e+00
1.539282441139221191e+00
1.500802636146545410e+00
1.469302177429199219e+00
1.440463423728942871e+00
1.420727014541625977e+00
1.407867550849914551e+00
1.391527652740478516e+00
1.378008604049682617e+00
1.371007800102233887e+00
1.363039612770080566e+00
1.351039290428161621e+00
1.344483375549316406e+00
1.340183615684509277e+00
1.330992579460144043e+00
1.324039816856384277e+00
1.318651556968688965e+00
1.315646409988403320e+00
1.308596968650817871e+00
1.303594827651977539e+00
1.297255873680114746e+00
1.288113236427307129e+00
1.285177826881408691e+00
1.277803421020507812e+00
1.271206140518188477e+00
1.269381880760192871e+00
1.265492439270019531e+00
1.261292457580566406e+00
1.254039168357849121e+00
1.254095196723937988e+00
1.251575469970703125e+00
1.247299075126647949e+00
1.242216706275939941e+00
1.239863157272338867e+00
1.239485621452331543e+00
1.234173297882080078e+00
1.233032703399658203e+00
1.227841496467590332e+00
1.224842905998229980e+00
1.222314834594726562e+00
1.217370510101318359e+00
1.216892004013061523e+00
1.212947726249694824e+00
1.209237098693847656e+00
1.204934954643249512e+00
1.204949855804443359e+00
1.204160451889038086e+00
1.199890732765197754e+00
1.197960972785949707e+00
1.195629239082336426e+00
1.192400336265563965e+00
1.192407131195068359e+00
1.191515803337097168e+00
1.186198472976684570e+00
1.185345649719238281e+00
1.184097528457641602e+00
1.180299758911132812e+00
1.171229958534240723e+00
1.167037129402160645e+00
1.167371869087219238e+00
1.165607452392578125e+00
1.164548754692077637e+00
1.164190530776977539e+00
1.160737395286560059e+00
1.152429103851318359e+00
1.153090834617614746e+00
1.151579618453979492e+00
1.149940967559814453e+00
1.152336955070495605e+00
1.150250315666198730e+00
1.147801160812377930e+00
1.148587584495544434e+00
1.148008823394775391e+00
1.147519826889038086e+00
1.146710276603698730e+00
1.143804907798767090e+00
1.142674446105957031e+00
1.144320726394653320e+00
1.142300009727478027e+00
1.142442226409912109e+00
1.138734459877014160e+00
1.141451239585876465e+00
1.138733625411987305e+00
1.138729214668273926e+00
1.138374567031860352e+00
1.138429880142211914e+00
1.137147665023803711e+00
1.139562129974365234e+00
1.139873743057250977e+00
1.136845231056213379e+00
1.140852332115173340e+00
1.137419700622558594e+00
1.139357089996337891e+00
1.138934373855590820e+00
1.137632369995117188e+00
1.139681220054626465e+00
1.136639356613159180e+00
1.138990402221679688e+00
1.138788104057312012e+00
