2.493560612201690674e-01
4.172935485839843750e-01
4.515700638294219971e-01
4.668731093406677246e-01
4.796249866485595703e-01
4.894128739833831787e-01
4.946837127208709717e-01
4.993219673633575439e-01
5.022272467613220215e-01
5.061836838722229004e-01
5.087764859199523926e-01
5.112935900688171387e-01
5.131931900978088379e-01
5.143295526504516602e-01
5.167196989059448242e-01
5.182613730430603027e-01
5.200321674346923828e-01
5.226439237594604492e-01
5.239583253860473633e-01
5.259526371955871582e-01
5.282557010650634766e-01
5.298503637313842773e-01
5.312405228614807129e-01
5.373598337173461914e-01
5.386079549789428711e-01
5.398352146148681641e-01
5.407935380935668945e-01
5.413939356803894043e-01
5.425492525100708008e-01
5.432916879653930664e-01
5.444298982620239258e-01
5.451818108558654785e-01
5.460454821586608887e-01
5.473049283027648926e-01
5.481496453285217285e-01
5.484848618507385254e-01
5.492821931838989258e-01
5.492935776710510254e-01
5.501950979232788086e-01
5.508143901824951172e-01
5.515549182891845703e-01
5.524261593818664551e-01
5.526439547538757324e-01
5.542575716972351074e-01
5.535833239555358887e-01
5.540700554847717285e-01
5.549280047416687012e-01
5.551306605339050293e-01
5.549620985984802246e-01
5.578446984291076660e-01
5.587405562400817871e-01
5.587670207023620605e-01
5.586894154548645020e-01
5.592575669288635254e-01
5.593579411506652832e-01
5.598996281623840332e-01
5.598920583724975586e-01
5.601742267608642578e-01
5.599356293678283691e-01
5.617840886116027832e-01
5.617784261703491211e-01
5.622613430023193359e-01
5.626306533813476562e-01
5.619658827781677246e-01
5.630264878273010254e-01
5.629754066467285156e-01
5.637822151184082031e-01
5.635700821876525879e-01
5.632178187370300293e-01
5.635189414024353027e-01
5.640265345573425293e-01
5.637689232826232910e-01
5.639791488647460938e-01
5.637803077697753906e-01
5.642386078834533691e-01
5.644829273223876953e-01
5.640189647674560547e-01
5.639374852180480957e-01
5.640321969985961914e-01
5.642897486686706543e-01
5.638863444328308105e-01
5.643749833106994629e-01
5.646117329597473145e-01
5.644810795783996582e-01
