2.022689104080200195e+00
1.561077356338500977e+00
1.453240990638732910e+00
1.415791153907775879e+00
1.388379931449890137e+00
1.368521213531494141e+00
1.355959773063659668e+00
1.344532966613769531e+00
1.337941288948059082e+00
1.327313542366027832e+00
1.319566130638122559e+00
1.312990546226501465e+00
1.308769106864929199e+00
1.302714586257934570e+00
1.298102498054504395e+00
1.293387770652770996e+00
1.288475632667541504e+00
1.285110354423522949e+00
1.281357407569885254e+00
1.278280854225158691e+00
1.273747205734252930e+00
1.270860910415649414e+00
1.268129706382751465e+00
1.254645109176635742e+00
1.251514315605163574e+00
1.249805092811584473e+00
1.247090101242065430e+00
1.245923757553100586e+00
1.243930935859680176e+00
1.242773175239562988e+00
1.240982413291931152e+00
1.239402174949645996e+00
1.237227320671081543e+00
1.236115455627441406e+00
1.233658313751220703e+00
1.233804464340209961e+00
1.232408165931701660e+00
1.230875730514526367e+00
1.229622244834899902e+00
1.227975249290466309e+00
1.226745605468750000e+00
1.225589632987976074e+00
1.225267767906188965e+00
1.222929596900939941e+00
1.222529292106628418e+00
1.221522569656372070e+00
1.221309065818786621e+00
1.219512581825256348e+00
1.219406366348266602e+00
1.212060332298278809e+00
1.210708975791931152e+00
1.209977865219116211e+00
1.211020588874816895e+00
1.209610819816589355e+00
1.209703803062438965e+00
1.208578944206237793e+00
1.208270430564880371e+00
1.207561612129211426e+00
1.207724571228027344e+00
1.203959107398986816e+00
1.203607320785522461e+00
1.202579140663146973e+00
1.202702641487121582e+00
1.202659845352172852e+00
1.200385212898254395e+00
1.200803279876708984e+00
1.199939846992492676e+00
1.199524998664855957e+00
1.199806213378906250e+00
1.199129104614257812e+00
1.198777556419372559e+00
1.199476003646850586e+00
1.198903203010559082e+00
1.198349118232727051e+00
1.198401808738708496e+00
1.197911977767944336e+00
1.198185443878173828e+00
1.198598504066467285e+00
1.197906374931335449e+00
1.198067784309387207e+00
1.198415040969848633e+00
1.198077678680419922e+00
1.196903228759765625e+00
1.197055101394653320e+00
