2.647954523563385010e-01
4.089166522026062012e-01
4.588181674480438232e-01
4.756060540676116943e-01
4.839999973773956299e-01
4.909999966621398926e-01
4.983409047126770020e-01
5.047954320907592773e-01
5.092424154281616211e-01
5.174469947814941406e-01
5.223788022994995117e-01
5.297121405601501465e-01
5.377272963523864746e-01
5.441969633102416992e-01
5.483333468437194824e-01
5.540227293968200684e-01
5.569772720336914062e-01
5.605227351188659668e-01
5.642424225807189941e-01
5.680378675460815430e-01
5.704545378684997559e-01
5.730909109115600586e-01
5.761969685554504395e-01
5.798863768577575684e-01
5.793333053588867188e-01
5.826969742774963379e-01
5.849772691726684570e-01
5.862348675727844238e-01
5.875151753425598145e-01
5.918484926223754883e-01
5.916969776153564453e-01
5.916287899017333984e-01
5.936666727066040039e-01
5.945227146148681641e-01
5.958712100982666016e-01
5.958939194679260254e-01
5.987575650215148926e-01
5.989696979522705078e-01
6.010454297065734863e-01
6.006363630294799805e-01
6.021817922592163086e-01
6.081969738006591797e-01
6.092575788497924805e-01
6.087424159049987793e-01
6.092878580093383789e-01
6.092424392700195312e-01
6.110227108001708984e-01
6.103333234786987305e-01
6.113787889480590820e-01
6.126439571380615234e-01
6.126288175582885742e-01
6.111590862274169922e-01
6.127575635910034180e-01
6.163712143898010254e-01
6.165302991867065430e-01
6.168257594108581543e-01
6.163257360458374023e-01
6.184090971946716309e-01
6.176590919494628906e-01
6.177121400833129883e-01
6.177272796630859375e-01
6.175530552864074707e-01
6.181212067604064941e-01
6.185984611511230469e-01
6.212196946144104004e-01
6.203257441520690918e-01
6.206136345863342285e-01
6.215075850486755371e-01
6.212121248245239258e-01
6.217802762985229492e-01
6.208560466766357422e-01
6.222121119499206543e-01
6.223711967468261719e-01
6.224166750907897949e-01
6.222196817398071289e-01
6.229318380355834961e-01
6.219090819358825684e-01
6.231666803359985352e-01
6.238333582878112793e-01
6.233788132667541504e-01
6.228863596916198730e-01
6.231591105461120605e-01
6.223711967468261719e-01
6.240909099578857422e-01
6.239621043205261230e-01
6.241439580917358398e-01
6.229318380355834961e-01
6.236136555671691895e-01
6.230227351188659668e-01
6.239848732948303223e-01
6.239621043205261230e-01
6.228863596916198730e-01
6.231060624122619629e-01
6.237196922302246094e-01
6.236894130706787109e-01
6.236590743064880371e-01
6.233636140823364258e-01
6.244166493415832520e-01
6.242499947547912598e-01
6.243030428886413574e-01
6.240757703781127930e-01
6.241969466209411621e-01
6.236212253570556641e-01
6.236439347267150879e-01
6.240984797477722168e-01
6.245681643486022949e-01
6.239318251609802246e-01
6.231515407562255859e-01
