1.994033098220825195e+00
1.591234087944030762e+00
1.441806793212890625e+00
1.378918290138244629e+00
1.345195174217224121e+00
1.325847268104553223e+00
1.306843757629394531e+00
1.298529386520385742e+00
1.290636539459228516e+00
1.276635050773620605e+00
1.267117500305175781e+00
1.255996584892272949e+00
1.241840600967407227e+00
1.229451060295104980e+00
1.219759702682495117e+00
1.207819342613220215e+00
1.202440381050109863e+00
1.195475101470947266e+00
1.188311219215393066e+00
1.180046916007995605e+00
1.174791812896728516e+00
1.167860388755798340e+00
1.161511659622192383e+00
1.151392579078674316e+00
1.154703497886657715e+00
1.142317771911621094e+00
1.137464165687561035e+00
1.133943200111389160e+00
1.128017067909240723e+00
1.121537327766418457e+00
1.119305014610290527e+00
1.115317821502685547e+00
1.109422087669372559e+00
1.105636239051818848e+00
1.104276061058044434e+00
1.104418039321899414e+00
1.094920635223388672e+00
1.094523906707763672e+00
1.090547323226928711e+00
1.088627815246582031e+00
1.085220098495483398e+00
1.069754838943481445e+00
1.069914102554321289e+00
1.066026687622070312e+00
1.064904808998107910e+00
1.063347101211547852e+00
1.062717080116271973e+00
1.060760855674743652e+00
1.058408498764038086e+00
1.059049725532531738e+00
1.057167410850524902e+00
1.056642532348632812e+00
1.054511070251464844e+00
1.045351862907409668e+00
1.044676065444946289e+00
1.042834758758544922e+00
1.042930603027343750e+00
1.041438221931457520e+00
1.041298985481262207e+00
1.040319561958312988e+00
1.040744185447692871e+00
1.040266990661621094e+00
1.038894176483154297e+00
1.039209961891174316e+00
1.032926082611083984e+00
1.031609654426574707e+00
1.032418966293334961e+00
1.030194640159606934e+00
1.030394315719604492e+00
1.030622005462646484e+00
1.030874013900756836e+00
1.028336286544799805e+00
1.027082800865173340e+00
1.028094291687011719e+00
1.027607679367065430e+00
1.025999307632446289e+00
1.026498317718505859e+00
1.024208307266235352e+00
1.024457216262817383e+00
1.024639606475830078e+00
1.024745702743530273e+00
1.025394797325134277e+00
1.025558352470397949e+00
1.025075554847717285e+00
1.023250579833984375e+00
1.023686885833740234e+00
1.024544358253479004e+00
1.024211168289184570e+00
1.023318171501159668e+00
1.023380398750305176e+00
1.023959279060363770e+00
1.024184226989746094e+00
1.024098277091979980e+00
1.022876024246215820e+00
1.023054003715515137e+00
1.022845625877380371e+00
1.023078799247741699e+00
1.021857738494873047e+00
1.022974967956542969e+00
1.022296190261840820e+00
1.022039771080017090e+00
1.023172855377197266e+00
1.023191809654235840e+00
1.023597478866577148e+00
1.022958278656005859e+00
1.022802948951721191e+00
1.023232340812683105e+00
1.023306965827941895e+00
