2.397955179214477539e+00
2.397942543029785156e+00
2.397941112518310547e+00
2.397938489913940430e+00
2.397918701171875000e+00
2.397936582565307617e+00
2.397920608520507812e+00
2.397919654846191406e+00
2.397920370101928711e+00
2.397919893264770508e+00
2.397917747497558594e+00
2.397912740707397461e+00
2.397911071777343750e+00
2.397909164428710938e+00
2.397912263870239258e+00
2.397908926010131836e+00
2.397908926010131836e+00
2.397908687591552734e+00
2.397908926010131836e+00
2.397907495498657227e+00
2.397908687591552734e+00
2.397906780242919922e+00
2.397908687591552734e+00
2.397910356521606445e+00
2.397907972335815430e+00
2.397910594940185547e+00
2.397908926010131836e+00
2.397911787033081055e+00
2.397911071777343750e+00
2.397913455963134766e+00
2.397909402847290039e+00
2.397911071777343750e+00
2.397917985916137695e+00
2.397915601730346680e+00
2.397917747497558594e+00
2.397912025451660156e+00
2.397919893264770508e+00
2.397921562194824219e+00
2.397922277450561523e+00
2.397922277450561523e+00
2.397918701171875000e+00
2.397923469543457031e+00
2.397923707962036133e+00
2.397924423217773438e+00
2.397924184799194336e+00
2.397924184799194336e+00
2.397924423217773438e+00
2.397924423217773438e+00
2.397924423217773438e+00
2.397924184799194336e+00
2.397924423217773438e+00
2.397924423217773438e+00
2.397924423217773438e+00
