9.106439352035522461e-02
9.035605937242507935e-02
8.969886600971221924e-02
9.105303138494491577e-02
9.118181467056274414e-02
9.054734557867050171e-02
9.084659069776535034e-02
9.041856229305267334e-02
8.988825976848602295e-02
9.019886702299118042e-02
9.061742573976516724e-02
9.014583379030227661e-02
8.930681645870208740e-02
9.070265293121337891e-02
9.022916853427886963e-02
9.002651274204254150e-02
9.028409421443939209e-02
9.023674577474594116e-02
8.987121284008026123e-02
9.053219854831695557e-02
9.053977578878402710e-02
9.047916531562805176e-02
9.013825654983520508e-02
9.009090811014175415e-02
9.031628817319869995e-02
8.978787809610366821e-02
9.034658968448638916e-02
9.032007306814193726e-02
9.008523076772689819e-02
9.027083218097686768e-02
9.014014899730682373e-02
9.023484587669372559e-02
9.023863822221755981e-02
9.026893973350524902e-02
9.013447165489196777e-02
8.999621123075485229e-02
9.013636410236358643e-02
8.989772945642471313e-02
9.003030508756637573e-02
8.939393609762191772e-02
8.995644003152847290e-02
9.003977477550506592e-02
9.071969985961914062e-02
9.006629139184951782e-02
8.969507366418838501e-02
9.042992442846298218e-02
9.082765132188796997e-02
9.054924547672271729e-02
9.074242413043975830e-02
9.032197296619415283e-02
9.054924547672271729e-02
9.090909361839294434e-02
9.054924547672271729e-02
