1.099696978926658630e-01
1.445757597684860229e-01
1.491439342498779297e-01
1.569318175315856934e-01
1.449242383241653442e-01
2.640303075313568115e-01
3.698711991310119629e-01
4.083409011363983154e-01
4.234318137168884277e-01
4.338939487934112549e-01
4.428560733795166016e-01
4.467802941799163818e-01
4.530833363533020020e-01
4.578711986541748047e-01
4.592727124691009521e-01
4.644166529178619385e-01
4.675303101539611816e-01
4.687727391719818115e-01
4.714621305465698242e-01
4.740454554557800293e-01
4.772272706031799316e-01
4.801287949085235596e-01
4.817727208137512207e-01
4.866060614585876465e-01
4.893257617950439453e-01
4.951136410236358643e-01
4.989318251609802246e-01
5.111818313598632812e-01
5.245000123977661133e-01
5.392651557922363281e-01
5.492272973060607910e-01
5.551439523696899414e-01
5.613257288932800293e-01
5.630757808685302734e-01
5.686514973640441895e-01
5.676894187927246094e-01
5.725757479667663574e-01
5.743030309677124023e-01
5.762651562690734863e-01
5.791817903518676758e-01
5.795984864234924316e-01
5.819924473762512207e-01
5.834545493125915527e-01
5.849394202232360840e-01
5.860681533813476562e-01
5.877272486686706543e-01
5.896969437599182129e-01
5.901212096214294434e-01
5.917575955390930176e-01
5.933787822723388672e-01
5.945530533790588379e-01
5.957196950912475586e-01
5.976591110229492188e-01
5.987424254417419434e-01
6.004015207290649414e-01
6.018939614295959473e-01
6.032500267028808594e-01
6.032423973083496094e-01
6.070303320884704590e-01
6.170151233673095703e-01
6.187348365783691406e-01
6.211287975311279297e-01
6.220227479934692383e-01
6.237878799438476562e-01
6.253712177276611328e-01
6.261363625526428223e-01
6.321742534637451172e-01
6.329772472381591797e-01
6.339318156242370605e-01
6.349545717239379883e-01
6.350226998329162598e-01
6.386439204216003418e-01
6.394014954566955566e-01
6.401666402816772461e-01
6.404318213462829590e-01
6.409090757369995117e-01
6.431136131286621094e-01
6.430984735488891602e-01
6.436136364936828613e-01
6.439924240112304688e-01
6.437424421310424805e-01
6.452272534370422363e-01
6.454242467880249023e-01
6.455378532409667969e-01
6.459318399429321289e-01
6.460530161857604980e-01
6.461591124534606934e-01
6.464772820472717285e-01
6.466287970542907715e-01
6.463939547538757324e-01
6.466287970542907715e-01
6.470378637313842773e-01
6.471969485282897949e-01
6.472424268722534180e-01
6.471211910247802734e-01
6.473408937454223633e-01
6.475605964660644531e-01
6.476287841796875000e-01
6.475605964660644531e-01
6.477045416831970215e-01
6.475833058357238770e-01
6.477424502372741699e-01
6.476060748100280762e-01
6.477121114730834961e-01
6.479242444038391113e-01
6.476666927337646484e-01
6.478105783462524414e-01
6.478560566902160645e-01
6.478030085563659668e-01
6.477272510528564453e-01
6.478711962699890137e-01
