2.392220020294189453e+00
2.274719715118408203e+00
2.293338298797607422e+00
2.281955003738403320e+00
2.288604736328125000e+00
1.986039280891418457e+00
1.695088982582092285e+00
1.588546276092529297e+00
1.550392270088195801e+00
1.524153947830200195e+00
1.502209663391113281e+00
1.490727066993713379e+00
1.473550677299499512e+00
1.459911823272705078e+00
1.455248117446899414e+00
1.441226243972778320e+00
1.431617140769958496e+00
1.424207329750061035e+00
1.419584393501281738e+00
1.411441326141357422e+00
1.404720187187194824e+00
1.395633816719055176e+00
1.391140341758728027e+00
1.379588007926940918e+00
1.370938658714294434e+00
1.356203913688659668e+00
1.344815850257873535e+00
1.308132410049438477e+00
1.265024542808532715e+00
1.221193790435791016e+00
1.193391323089599609e+00
1.173800587654113770e+00
1.158026695251464844e+00
1.150478839874267578e+00
1.139670014381408691e+00
1.138360977172851562e+00
1.126478075981140137e+00
1.120621085166931152e+00
1.116117477416992188e+00
1.110937952995300293e+00
1.107648253440856934e+00
1.101814746856689453e+00
1.098855495452880859e+00
1.096603155136108398e+00
1.093731164932250977e+00
1.091555953025817871e+00
1.086727261543273926e+00
1.087352991104125977e+00
1.081093072891235352e+00
1.080464720726013184e+00
1.077138662338256836e+00
1.074274301528930664e+00
1.070690393447875977e+00
1.070914864540100098e+00
1.068601131439208984e+00
1.064775586128234863e+00
1.061771512031555176e+00
1.063203454017639160e+00
1.057977676391601562e+00
1.038548946380615234e+00
1.033971786499023438e+00
1.032279491424560547e+00
1.029172897338867188e+00
1.025887727737426758e+00
1.025455355644226074e+00
1.022119879722595215e+00
1.010368108749389648e+00
1.008193254470825195e+00
1.007313132286071777e+00
1.004780292510986328e+00
1.003986835479736328e+00
9.967245459556579590e-01
9.956085681915283203e-01
9.944660067558288574e-01
9.935434460639953613e-01
9.924980998039245605e-01
9.891119599342346191e-01
9.882622957229614258e-01
9.876119494438171387e-01
9.868635535240173340e-01
9.866596460342407227e-01
9.846385121345520020e-01
9.841065406799316406e-01
9.839001893997192383e-01
9.836127161979675293e-01
9.833698272705078125e-01
9.823472499847412109e-01
9.821791648864746094e-01
9.820378422737121582e-01
9.818820953369140625e-01
9.817143082618713379e-01
9.811707139015197754e-01
9.810416698455810547e-01
9.810017347335815430e-01
9.809107184410095215e-01
9.807959198951721191e-01
9.805970191955566406e-01
9.805241227149963379e-01
9.804818034172058105e-01
9.804496169090270996e-01
9.803926944732666016e-01
9.802616834640502930e-01
9.802360534667968750e-01
9.802188873291015625e-01
9.801974892616271973e-01
9.801739454269409180e-01
9.800969362258911133e-01
9.800912141799926758e-01
9.800837635993957520e-01
9.800572991371154785e-01
9.800589084625244141e-01
