2.443257570266723633e-01
3.594924211502075195e-01
3.854090869426727295e-01
3.943787813186645508e-01
4.061363637447357178e-01
4.189469814300537109e-01
4.264924228191375732e-01
4.347802996635437012e-01
4.451969563961029053e-01
4.494621157646179199e-01
4.515378773212432861e-01
4.550833404064178467e-01
4.569697082042694092e-01
4.601060748100280762e-01
4.679848551750183105e-01
4.683333337306976318e-01
4.691287875175476074e-01
4.714393913745880127e-01
4.733333289623260498e-01
4.769545495510101318e-01
4.764696955680847168e-01
4.790681898593902588e-01
4.776439368724822998e-01
4.800302982330322266e-01
4.804393947124481201e-01
4.802727401256561279e-01
4.804772734642028809e-01
4.811818301677703857e-01
4.819318056106567383e-01
4.823939502239227295e-01
4.818787872791290283e-01
4.831287860870361328e-01
4.832045435905456543e-01
4.836287796497344971e-01
4.834242463111877441e-01
4.835151433944702148e-01
4.847803115844726562e-01
4.853257536888122559e-01
4.839242398738861084e-01
