2.040843963623046875e+00
1.716792583465576172e+00
1.631093502044677734e+00
1.597213864326477051e+00
1.566435217857360840e+00
1.538886427879333496e+00
1.510006666183471680e+00
1.486304879188537598e+00
1.459967613220214844e+00
1.450896024703979492e+00
1.438973069190979004e+00
1.429392218589782715e+00
1.425663232803344727e+00
1.415407896041870117e+00
1.396566510200500488e+00
1.395174503326416016e+00
1.392556786537170410e+00
1.386407494544982910e+00
1.382000088691711426e+00
1.373426079750061035e+00
1.373639225959777832e+00
1.371735692024230957e+00
1.368058323860168457e+00
1.367534518241882324e+00
1.363085627555847168e+00
1.362780094146728516e+00
1.362049341201782227e+00
1.360051870346069336e+00
1.360468983650207520e+00
1.357068061828613281e+00
1.357281684875488281e+00
1.356523156166076660e+00
1.354761600494384766e+00
1.354255557060241699e+00
1.354998588562011719e+00
1.354384541511535645e+00
1.352799534797668457e+00
1.353666782379150391e+00
1.352724075317382812e+00
