3.342537879943847656e-01
4.553257524967193604e-01
4.729109704494476318e-01
4.823219776153564453e-01
4.883541762828826904e-01
4.945966005325317383e-01
4.983844757080078125e-01
5.019488930702209473e-01
5.035625100135803223e-01
5.056401491165161133e-01
5.078768730163574219e-01
5.092575550079345703e-01
5.110435485839843750e-01
5.115928053855895996e-01
5.124980807304382324e-01
5.147159099578857422e-01
5.154166817665100098e-01
5.164015293121337891e-01
5.181666612625122070e-01
5.183825492858886719e-01
5.188863873481750488e-01
5.200284123420715332e-01
5.206344723701477051e-01
5.217329263687133789e-01
5.215265154838562012e-01
5.224791765213012695e-01
5.232177972793579102e-01
5.262064337730407715e-01
5.271288156509399414e-01
5.275170207023620605e-01
5.281230807304382324e-01
5.281931757926940918e-01
5.288920402526855469e-01
5.291855931282043457e-01
5.300056934356689453e-01
5.300340652465820312e-01
5.296098589897155762e-01
5.300189256668090820e-01
5.310965776443481445e-01
5.310890078544616699e-01
5.321098566055297852e-01
5.320397615432739258e-01
5.323181748390197754e-01
5.323598384857177734e-01
5.349450707435607910e-01
5.356647968292236328e-01
5.360549092292785645e-01
5.350984930992126465e-01
5.359696745872497559e-01
5.375435352325439453e-01
5.370738506317138672e-01
5.376950502395629883e-01
5.375643968582153320e-01
5.376799106597900391e-01
5.390871167182922363e-01
5.381307005882263184e-01
5.390094518661499023e-01
5.389375090599060059e-01
5.389602184295654297e-01
5.394204258918762207e-01
5.390663146972656250e-01
5.387727022171020508e-01
5.386950969696044922e-01
5.396325588226318359e-01
5.394451022148132324e-01
5.395681858062744141e-01
5.391439199447631836e-01
5.394526720046997070e-01
5.400492548942565918e-01
