1.787575006484985352e+00
1.460391998291015625e+00
1.416807055473327637e+00
1.394931316375732422e+00
1.379196763038635254e+00
1.366176962852478027e+00
1.355616927146911621e+00
1.346747756004333496e+00
1.340368866920471191e+00
1.336806058883666992e+00
1.330620169639587402e+00
1.325551986694335938e+00
1.320773124694824219e+00
1.317605376243591309e+00
1.314890146255493164e+00
1.310382246971130371e+00
1.308419346809387207e+00
1.305431723594665527e+00
1.302220344543457031e+00
1.300352096557617188e+00
1.299203515052795410e+00
1.296977400779724121e+00
1.295840263366699219e+00
1.292671203613281250e+00
1.292181968688964844e+00
1.289910316467285156e+00
1.288639068603515625e+00
1.280983328819274902e+00
1.279618978500366211e+00
1.278222799301147461e+00
1.277468085289001465e+00
1.276927828788757324e+00
1.275424957275390625e+00
1.274163246154785156e+00
1.272396802902221680e+00
1.273578405380249023e+00
1.272578239440917969e+00
1.272477865219116211e+00
1.270540595054626465e+00
1.269389867782592773e+00
1.267815589904785156e+00
1.267368435859680176e+00
1.266080498695373535e+00
1.265507221221923828e+00
1.260545492172241211e+00
1.259650230407714844e+00
1.258371472358703613e+00
1.258958697319030762e+00
1.257630348205566406e+00
1.255510091781616211e+00
1.254386901855468750e+00
1.254523992538452148e+00
1.254748821258544922e+00
1.252091765403747559e+00
1.252660155296325684e+00
1.252571105957031250e+00
1.252101659774780273e+00
1.251226544380187988e+00
1.252150774002075195e+00
1.250592708587646484e+00
1.250530362129211426e+00
1.251707673072814941e+00
1.250744581222534180e+00
1.251078486442565918e+00
1.250777602195739746e+00
1.250635862350463867e+00
1.250997304916381836e+00
1.250814795494079590e+00
1.250400781631469727e+00
