2.153329133987426758e+00
1.585231781005859375e+00
1.414236068725585938e+00
1.350346922874450684e+00
1.316500425338745117e+00
1.296275615692138672e+00
1.283921837806701660e+00
1.272405862808227539e+00
1.259330272674560547e+00
1.237755060195922852e+00
1.221559047698974609e+00
1.210361242294311523e+00
1.203855991363525391e+00
1.196765065193176270e+00
1.190948605537414551e+00
1.184443712234497070e+00
1.179119706153869629e+00
1.174249291419982910e+00
1.167092800140380859e+00
1.161788582801818848e+00
1.154289484024047852e+00
1.135986328125000000e+00
1.129463315010070801e+00
1.125222802162170410e+00
1.118631482124328613e+00
1.112214565277099609e+00
1.106713056564331055e+00
1.101190328598022461e+00
1.094780802726745605e+00
1.090472579002380371e+00
1.083485245704650879e+00
1.067618608474731445e+00
1.064199805259704590e+00
1.060110092163085938e+00
1.056117177009582520e+00
1.053106427192687988e+00
1.042658448219299316e+00
1.039995312690734863e+00
1.037772178649902344e+00
1.035716176033020020e+00
1.033252477645874023e+00
1.027744531631469727e+00
1.026556730270385742e+00
1.025322079658508301e+00
1.023917794227600098e+00
1.022829174995422363e+00
1.019746899604797363e+00
1.019091963768005371e+00
1.018419742584228516e+00
1.017879843711853027e+00
1.017069578170776367e+00
1.015494227409362793e+00
1.015112996101379395e+00
1.014778971672058105e+00
1.014440655708312988e+00
1.014114499092102051e+00
