2.025037854909896851e-01
4.008390009403228760e-01
4.630928039550781250e-01
4.935814440250396729e-01
5.075454711914062500e-01
5.158598423004150391e-01
5.212897658348083496e-01
5.278068184852600098e-01
5.373068451881408691e-01
5.520814657211303711e-01
5.597140192985534668e-01
5.649242401123046875e-01
5.676799416542053223e-01
5.707935690879821777e-01
5.733030438423156738e-01
5.759753584861755371e-01
5.784336924552917480e-01
5.803314447402954102e-01
5.829886198043823242e-01
5.855019092559814453e-01
5.886041522026062012e-01
5.959526300430297852e-01
5.989280343055725098e-01
6.007859706878662109e-01
6.036610007286071777e-01
6.059620976448059082e-01
6.085170507431030273e-01
6.111553311347961426e-01
6.134734749794006348e-01
6.150454282760620117e-01
6.177367568016052246e-01
6.243788003921508789e-01
6.252992153167724609e-01
6.272746324539184570e-01
6.287121176719665527e-01
6.300738453865051270e-01
6.341496109962463379e-01
6.353390216827392578e-01
6.360663175582885742e-01
6.367083191871643066e-01
6.377500295639038086e-01
6.397897601127624512e-01
6.403390169143676758e-01
6.411306858062744141e-01
6.415397524833679199e-01
6.419185400009155273e-01
6.433787941932678223e-01
6.435397863388061523e-01
6.437746286392211914e-01
6.440984606742858887e-01
6.445397734642028809e-01
6.450890302658081055e-01
6.453522443771362305e-01
6.453068256378173828e-01
6.457234621047973633e-01
6.455833315849304199e-01
