2.398936748504638672e+00
2.398612499237060547e+00
2.396670818328857422e+00
2.323162317276000977e+00
1.766170382499694824e+00
1.783927917480468750e+00
1.491933226585388184e+00
1.406309127807617188e+00
1.407666683197021484e+00
1.311335206031799316e+00
1.288226008415222168e+00
1.265200018882751465e+00
1.254629254341125488e+00
1.246128439903259277e+00
1.228500843048095703e+00
1.204127311706542969e+00
1.189664959907531738e+00
1.177383422851562500e+00
1.167547464370727539e+00
1.158075094223022461e+00
1.146016240119934082e+00
1.137005090713500977e+00
1.123364567756652832e+00
1.106642127037048340e+00
1.091781973838806152e+00
1.071561932563781738e+00
1.049162626266479492e+00
1.026220202445983887e+00
1.003503441810607910e+00
9.796049594879150391e-01
9.550848603248596191e-01
9.293373823165893555e-01
8.659510016441345215e-01
8.390333056449890137e-01
8.182036876678466797e-01
8.008785247802734375e-01
7.801440358161926270e-01
7.331257462501525879e-01
7.169458270072937012e-01
7.036308050155639648e-01
6.908513903617858887e-01
6.798925995826721191e-01
6.493387818336486816e-01
6.386157870292663574e-01
6.312966346740722656e-01
6.238293051719665527e-01
6.166439652442932129e-01
5.997651815414428711e-01
5.943056344985961914e-01
5.899965167045593262e-01
5.861641764640808105e-01
5.814877748489379883e-01
5.725746750831604004e-01
5.692747831344604492e-01
5.672869086265563965e-01
5.652833580970764160e-01
5.636145472526550293e-01
