9.126894176006317139e-02
9.038257598876953125e-02
9.303408861160278320e-02
1.363295465707778931e-01
3.297102153301239014e-01
3.325681686401367188e-01
4.293977320194244385e-01
4.544583261013031006e-01
4.674071967601776123e-01
5.075587034225463867e-01
5.168768763542175293e-01
5.262386202812194824e-01
5.319393873214721680e-01
5.360870957374572754e-01
5.489962100982666016e-01
5.680359601974487305e-01
5.745227336883544922e-01
5.795814394950866699e-01
5.853011608123779297e-01
5.896515250205993652e-01
5.945701003074645996e-01
5.984526276588439941e-01
6.040700674057006836e-01
6.109052896499633789e-01
6.166344881057739258e-01
6.239128708839416504e-01
6.321004033088684082e-01
6.392765045166015625e-01
6.465397477149963379e-01
6.543958187103271484e-01
6.625814437866210938e-01
6.704469919204711914e-01
6.915871500968933105e-01
6.999071836471557617e-01
7.071287631988525391e-01
7.132897973060607910e-01
7.197007536888122559e-01
7.355833053588867188e-01
7.411060333251953125e-01
7.454336881637573242e-01
7.500681877136230469e-01
7.537727355957031250e-01
7.641723752021789551e-01
7.673087120056152344e-01
7.702935338020324707e-01
7.724394202232360840e-01
7.752178311347961426e-01
7.805549502372741699e-01
7.826136350631713867e-01
7.840605974197387695e-01
7.853977084159851074e-01
7.868996262550354004e-01
7.899034023284912109e-01
7.910435795783996582e-01
7.914299368858337402e-01
7.926269173622131348e-01
7.929431796073913574e-01
