1.030530333518981934e-01
1.251969635486602783e-01
1.833939403295516968e-01
2.261363565921783447e-01
3.141742348670959473e-01
3.467424213886260986e-01
3.724318146705627441e-01
3.926212191581726074e-01
4.046136438846588135e-01
4.183788001537322998e-01
4.237045347690582275e-01
4.287424385547637939e-01
4.343788027763366699e-01
4.468257427215576172e-01
4.600454568862915039e-01
4.735681712627410889e-01
4.840908944606781006e-01
4.967651367187500000e-01
5.084015130996704102e-01
5.180454254150390625e-01
5.248030424118041992e-01
5.314621329307556152e-01
5.351212024688720703e-01
5.386969447135925293e-01
5.430227518081665039e-01
5.477727055549621582e-01
5.481969714164733887e-01
5.502954721450805664e-01
5.533863902091979980e-01
5.579318404197692871e-01
5.597424507141113281e-01
5.617802739143371582e-01
5.622045397758483887e-01
5.641893744468688965e-01
5.653105974197387695e-01
5.655984878540039062e-01
5.677348375320434570e-01
5.695227384567260742e-01
5.707727074623107910e-01
5.711136460304260254e-01
5.721439123153686523e-01
5.730682015419006348e-01
5.748636126518249512e-01
5.756893754005432129e-01
5.774317979812622070e-01
5.786818265914916992e-01
5.785984992980957031e-01
5.820984840393066406e-01
5.808030366897583008e-01
5.832045674324035645e-01
5.825909376144409180e-01
5.895757675170898438e-01
5.908712148666381836e-01
5.915454626083374023e-01
5.927045345306396484e-01
5.928711891174316406e-01
5.937272906303405762e-01
5.945833325386047363e-01
5.959924459457397461e-01
6.006212234497070312e-01
6.011363863945007324e-01
6.013787984848022461e-01
6.017348766326904297e-01
6.021666526794433594e-01
6.046894192695617676e-01
6.052954792976379395e-01
6.050075888633728027e-01
6.061211824417114258e-01
6.064166426658630371e-01
6.072045564651489258e-01
6.081514954566955566e-01
6.082727313041687012e-01
6.080151796340942383e-01
6.081894040107727051e-01
6.091969609260559082e-01
6.092500090599060059e-01
6.091136336326599121e-01
6.090984940528869629e-01
6.094697117805480957e-01
6.099621057510375977e-01
6.098939180374145508e-01
6.100075840950012207e-01
6.101287603378295898e-01
6.102424263954162598e-01
