2.405232429504394531e+00
2.362870454788208008e+00
2.203853368759155273e+00
2.083283901214599609e+00
1.854254722595214844e+00
1.762493848800659180e+00
1.695970654487609863e+00
1.638285994529724121e+00
1.610911965370178223e+00
1.577582001686096191e+00
1.560268759727478027e+00
1.543153166770935059e+00
1.532418966293334961e+00
1.507706761360168457e+00
1.468208193778991699e+00
1.429342746734619141e+00
1.390355825424194336e+00
1.352021455764770508e+00
1.319993853569030762e+00
1.292261838912963867e+00
1.273127675056457520e+00
1.258335113525390625e+00
1.243990302085876465e+00
1.234778523445129395e+00
1.221183776855468750e+00
1.212547421455383301e+00
1.208925247192382812e+00
1.202946543693542480e+00
1.195149660110473633e+00
1.181667923927307129e+00
1.179341077804565430e+00
1.173955321311950684e+00
1.171723008155822754e+00
1.168215632438659668e+00
1.163210868835449219e+00
1.160761594772338867e+00
1.159631967544555664e+00
1.154640913009643555e+00
1.152124166488647461e+00
1.148552656173706055e+00
1.145965099334716797e+00
1.144825696945190430e+00
1.139696598052978516e+00
1.137215852737426758e+00
1.133973121643066406e+00
1.131089687347412109e+00
1.132336258888244629e+00
1.126138091087341309e+00
1.126438856124877930e+00
1.119622945785522461e+00
1.119829297065734863e+00
1.103901147842407227e+00
1.100007176399230957e+00
1.098231315612792969e+00
1.097527146339416504e+00
1.095973849296569824e+00
1.094338417053222656e+00
1.090598821640014648e+00
1.090803146362304688e+00
1.078957796096801758e+00
1.077072620391845703e+00
1.076229810714721680e+00
1.075215578079223633e+00
1.073930740356445312e+00
1.068077564239501953e+00
1.066871881484985352e+00
1.066633701324462891e+00
1.065566182136535645e+00
1.064710497856140137e+00
1.061560988426208496e+00
1.060955047607421875e+00
1.060663938522338867e+00
1.059878826141357422e+00
1.059842467308044434e+00
1.057985663414001465e+00
1.057501912117004395e+00
1.057302594184875488e+00
1.057004094123840332e+00
1.056900858879089355e+00
1.055940270423889160e+00
1.055747628211975098e+00
1.055666446685791016e+00
1.055580258369445801e+00
1.055420517921447754e+00
