2.212738752365112305e+00
2.086159706115722656e+00
2.042648315429687500e+00
1.893515825271606445e+00
1.685671925544738770e+00
1.585113286972045898e+00
1.502534031867980957e+00
1.435187578201293945e+00
1.383223176002502441e+00
1.356925249099731445e+00
1.331440925598144531e+00
1.315452933311462402e+00
1.302632689476013184e+00
1.294285893440246582e+00
1.284710049629211426e+00
1.273780822753906250e+00
1.266844630241394043e+00
1.257094025611877441e+00
1.240577697753906250e+00
1.228429913520812988e+00
1.219262719154357910e+00
1.209620356559753418e+00
1.204545974731445312e+00
1.198199510574340820e+00
1.193082451820373535e+00
1.190399169921875000e+00
1.186421036720275879e+00
1.182525873184204102e+00
1.179932355880737305e+00
1.175768733024597168e+00
1.171443223953247070e+00
1.166458249092102051e+00
1.166310310363769531e+00
1.162233352661132812e+00
1.160256743431091309e+00
1.155014991760253906e+00
1.152637958526611328e+00
1.149909734725952148e+00
1.148436903953552246e+00
1.144106388092041016e+00
1.141141653060913086e+00
1.139587163925170898e+00
1.136233329772949219e+00
1.131884574890136719e+00
1.127138733863830566e+00
1.123907923698425293e+00
1.121725440025329590e+00
1.116285324096679688e+00
1.111525297164916992e+00
1.108218550682067871e+00
1.091816663742065430e+00
1.089668512344360352e+00
1.086301326751708984e+00
1.083908081054687500e+00
1.078585386276245117e+00
1.077259898185729980e+00
1.074385285377502441e+00
1.064459323883056641e+00
1.061455607414245605e+00
1.059416890144348145e+00
1.058218955993652344e+00
1.056764960289001465e+00
1.050819396972656250e+00
1.049190640449523926e+00
1.047698736190795898e+00
1.046805143356323242e+00
1.045852780342102051e+00
1.042761802673339844e+00
1.042106747627258301e+00
1.041445374488830566e+00
1.040812730789184570e+00
1.040443301200866699e+00
1.038772940635681152e+00
1.038360714912414551e+00
1.038032293319702148e+00
1.037893176078796387e+00
1.037477970123291016e+00
1.036574363708496094e+00
1.036493420600891113e+00
1.036256313323974609e+00
1.036138415336608887e+00
1.035966515541076660e+00
