1.531515121459960938e-01
2.100227326154708862e-01
2.352878749370574951e-01
2.981060743331909180e-01
3.697727322578430176e-01
4.073484838008880615e-01
4.388939440250396729e-01
4.599848389625549316e-01
4.765757620334625244e-01
4.853863716125488281e-01
4.936590790748596191e-01
5.004090666770935059e-01
5.031136274337768555e-01
5.073560476303100586e-01
5.110303163528442383e-01
5.159999728202819824e-01
5.205681920051574707e-01
5.283939242362976074e-01
5.361287593841552734e-01
5.425454378128051758e-01
5.474393963813781738e-01
5.510379076004028320e-01
5.529848337173461914e-01
5.552045702934265137e-01
5.571060776710510254e-01
5.590757727622985840e-01
5.604469776153564453e-01
5.628333091735839844e-01
5.629242658615112305e-01
5.652045607566833496e-01
5.664015412330627441e-01
5.686742663383483887e-01
5.689697265625000000e-01
5.708863735198974609e-01
5.711894035339355469e-01
5.739620923995971680e-01
5.750454664230346680e-01
5.761136412620544434e-01
5.782272815704345703e-01
5.805909037590026855e-01
5.802878737449645996e-01
5.825909376144409180e-01
5.843787789344787598e-01
5.858712196350097656e-01
5.885833501815795898e-01
5.901287794113159180e-01
5.906742215156555176e-01
5.942954421043395996e-01
5.966060757637023926e-01
5.980075597763061523e-01
6.058257818222045898e-01
6.060681939125061035e-01
6.075682044029235840e-01
6.085530519485473633e-01
6.109469532966613770e-01
6.112348437309265137e-01
6.133787631988525391e-01
6.171136498451232910e-01
6.184848546981811523e-01
6.193106174468994141e-01
6.196818351745605469e-01
6.204696893692016602e-01
6.232802867889404297e-01
6.242121458053588867e-01
6.251742243766784668e-01
6.247802972793579102e-01
6.252803206443786621e-01
6.267575621604919434e-01
6.274999976158142090e-01
6.271212100982666016e-01
6.275530457496643066e-01
6.281969547271728516e-01
6.286894083023071289e-01
6.288257837295532227e-01
6.290681958198547363e-01
6.289166808128356934e-01
6.295151710510253906e-01
6.296591162681579590e-01
6.296287775039672852e-01
6.295984983444213867e-01
6.296818256378173828e-01
6.298787593841552734e-01
