1.564967989921569824e+00
1.371350407600402832e+00
1.321516275405883789e+00
1.276326775550842285e+00
1.251992821693420410e+00
1.232391476631164551e+00
1.220870614051818848e+00
1.211392402648925781e+00
1.206543087959289551e+00
1.202173590660095215e+00
1.196428775787353516e+00
1.192558407783508301e+00
1.187758684158325195e+00
1.185433030128479004e+00
1.182635545730590820e+00
1.180892229080200195e+00
1.176652789115905762e+00
1.174808263778686523e+00
1.172645688056945801e+00
1.169494986534118652e+00
1.167749047279357910e+00
1.166275501251220703e+00
1.164011955261230469e+00
1.161872744560241699e+00
1.160256862640380859e+00
1.158765554428100586e+00
1.157042384147644043e+00
1.154835462570190430e+00
1.143219351768493652e+00
1.141724705696105957e+00
1.140233993530273438e+00
1.139057517051696777e+00
1.138038277626037598e+00
1.138117194175720215e+00
1.135163426399230957e+00
1.135033488273620605e+00
1.133314371109008789e+00
1.132947564125061035e+00
1.131709456443786621e+00
1.130620479583740234e+00
1.129338979721069336e+00
1.128429412841796875e+00
1.120872497558593750e+00
1.120126843452453613e+00
1.119239211082458496e+00
1.118763327598571777e+00
1.118283271789550781e+00
1.117340683937072754e+00
1.116497516632080078e+00
1.116584300994873047e+00
1.115301966667175293e+00
1.114529967308044434e+00
1.114363431930541992e+00
1.113227605819702148e+00
1.108666896820068359e+00
1.108342170715332031e+00
1.108329653739929199e+00
1.107302665710449219e+00
1.107199311256408691e+00
1.106648206710815430e+00
1.106122732162475586e+00
1.106589913368225098e+00
1.105327963829040527e+00
1.105122804641723633e+00
1.104847192764282227e+00
1.104445457458496094e+00
1.103909850120544434e+00
1.103719234466552734e+00
1.103894472122192383e+00
1.102681756019592285e+00
1.102877974510192871e+00
1.102413892745971680e+00
1.099721431732177734e+00
1.099632263183593750e+00
1.099748134613037109e+00
1.099448084831237793e+00
1.098985433578491211e+00
1.098311901092529297e+00
1.097297549247741699e+00
1.097086310386657715e+00
1.097185254096984863e+00
1.096765995025634766e+00
1.096505641937255859e+00
1.096844673156738281e+00
1.096757531166076660e+00
1.096740722656250000e+00
1.096176624298095703e+00
1.096572399139404297e+00
1.096785187721252441e+00
1.095865249633789062e+00
1.095404148101806641e+00
1.095730781555175781e+00
1.095793724060058594e+00
1.094941735267639160e+00
1.095621943473815918e+00
1.095579504966735840e+00
1.095372796058654785e+00
1.094952583312988281e+00
1.094497084617614746e+00
1.094279646873474121e+00
1.095022916793823242e+00
1.094650745391845703e+00
1.094676494598388672e+00
1.094457387924194336e+00
1.094153642654418945e+00
1.094451785087585449e+00
1.094395041465759277e+00
1.094531416893005371e+00
1.094260454177856445e+00
1.094427585601806641e+00
1.093816161155700684e+00
1.094123840332031250e+00
1.094024181365966797e+00
1.094042778015136719e+00
1.093857645988464355e+00
1.094068765640258789e+00
1.094682216644287109e+00
1.093850374221801758e+00
1.094033241271972656e+00
1.093934893608093262e+00
1.094382166862487793e+00
1.093836665153503418e+00
