4.131855964660644531e-01
4.779810607433319092e-01
5.072708129882812500e-01
5.312651395797729492e-01
5.461817979812622070e-01
5.565056800842285156e-01
5.615568161010742188e-01
5.656552910804748535e-01
5.676817893981933594e-01
5.694223642349243164e-01
5.719280242919921875e-01
5.734716057777404785e-01
5.750549435615539551e-01
5.762802958488464355e-01
5.771344900131225586e-01
5.783882737159729004e-01
5.796988606452941895e-01
5.802462100982666016e-01
5.815151333808898926e-01
5.827841162681579590e-01
5.834848284721374512e-01
5.840643644332885742e-01
5.847121477127075195e-01
5.857499837875366211e-01
5.863389968872070312e-01
5.872594714164733887e-01
5.877254009246826172e-01
5.883219838142395020e-01
5.933693051338195801e-01
5.933996438980102539e-01
5.941496491432189941e-01
5.945094823837280273e-01
5.955662727355957031e-01
5.948712229728698730e-01
5.963920354843139648e-01
5.961287617683410645e-01
5.970928072929382324e-01
5.969052910804748535e-01
5.976647734642028809e-01
5.980340838432312012e-01
5.984507799148559570e-01
5.987935662269592285e-01
6.017689108848571777e-01
6.015814542770385742e-01
6.023219823837280273e-01
6.024299263954162598e-01
6.025264859199523926e-01
6.031799316406250000e-01
6.033617258071899414e-01
6.033579707145690918e-01
6.040076017379760742e-01
6.038125157356262207e-01
6.043522953987121582e-01
6.045492291450500488e-01
6.061856150627136230e-01
6.064905524253845215e-01
6.069090962409973145e-01
6.068693399429321289e-01
6.068409085273742676e-01
6.070606112480163574e-01
6.073768734931945801e-01
6.072253584861755371e-01
6.075454354286193848e-01
6.077424287796020508e-01
6.076988577842712402e-01
6.080113649368286133e-01
6.086230874061584473e-01
6.082405447959899902e-01
6.082651615142822266e-01
6.079394221305847168e-01
6.083844900131225586e-01
6.086817979812622070e-01
6.095378994941711426e-01
6.097007393836975098e-01
6.097196936607360840e-01
6.094678044319152832e-01
6.097954511642456055e-01
6.103920340538024902e-01
6.106363534927368164e-01
6.105303168296813965e-01
6.104450821876525879e-01
6.108182072639465332e-01
6.108371019363403320e-01
6.105303168296813965e-01
6.109223365783691406e-01
6.102367639541625977e-01
6.108428239822387695e-01
6.108731031417846680e-01
6.105511188507080078e-01
6.108920574188232422e-01
6.111723780632019043e-01
6.109052896499633789e-01
6.110416650772094727e-01
6.114886403083801270e-01
6.108409166336059570e-01
6.108295321464538574e-01
6.108882427215576172e-01
6.112689375877380371e-01
6.115246415138244629e-01
6.113276481628417969e-01
6.112405061721801758e-01
6.114431619644165039e-01
6.112424135208129883e-01
6.110681891441345215e-01
6.114166378974914551e-01
6.117519140243530273e-01
6.116609573364257812e-01
6.116098761558532715e-01
6.116723418235778809e-01
6.114469766616821289e-01
6.116174459457397461e-01
6.112632751464843750e-01
6.120208501815795898e-01
6.113446950912475586e-01
6.115719676017761230e-01
6.115454435348510742e-01
6.116572022438049316e-01
6.119015216827392578e-01
6.119090914726257324e-01
6.116685867309570312e-01
6.116988658905029297e-01
6.114374995231628418e-01
