2.203560620546340942e-01
3.485454618930816650e-01
4.020605981349945068e-01
4.280075728893280029e-01
4.416742324829101562e-01
4.488787949085235596e-01
4.572196900844573975e-01
4.654924273490905762e-01
4.700075685977935791e-01
4.814393818378448486e-01
4.882272779941558838e-01
4.947424232959747314e-01
4.989697039127349854e-01
5.041136145591735840e-01
5.082651376724243164e-01
5.103787779808044434e-01
5.136287808418273926e-01
5.120378732681274414e-01
5.197727084159851074e-01
5.192803144454956055e-01
5.231288075447082520e-01
5.261060595512390137e-01
5.282348394393920898e-01
5.295757651329040527e-01
5.333105921745300293e-01
5.356439352035522461e-01
5.393560528755187988e-01
5.407423973083496094e-01
5.437272787094116211e-01
5.453257560729980469e-01
5.464469790458679199e-01
5.492196679115295410e-01
5.504696965217590332e-01
5.491515398025512695e-01
5.542651414871215820e-01
5.559621453285217285e-01
5.582424402236938477e-01
5.590075850486755371e-01
5.605681538581848145e-01
5.626590847969055176e-01
5.626742243766784668e-01
5.660757422447204590e-01
5.670909285545349121e-01
5.676969885826110840e-01
5.709166526794433594e-01
5.707575678825378418e-01
5.739620923995971680e-01
5.746591091156005859e-01
5.765075683593750000e-01
5.781818032264709473e-01
5.803787708282470703e-01
5.826363563537597656e-01
5.834394097328186035e-01
5.845000147819519043e-01
5.855908989906311035e-01
5.890075564384460449e-01
5.952424407005310059e-01
5.969469547271728516e-01
5.967575907707214355e-01
5.977045297622680664e-01
5.988333225250244141e-01
5.995757579803466797e-01
5.990151762962341309e-01
6.014999747276306152e-01
6.010000109672546387e-01
6.013863682746887207e-01
6.024772524833679199e-01
6.026591062545776367e-01
6.060454249382019043e-01
6.074696779251098633e-01
6.075606346130371094e-01
6.086590886116027832e-01
6.092878580093383789e-01
6.085530519485473633e-01
6.088030338287353516e-01
6.078257560729980469e-01
6.100227236747741699e-01
6.093636155128479004e-01
6.090909242630004883e-01
6.107348203659057617e-01
6.098787784576416016e-01
6.110000014305114746e-01
6.129090785980224609e-01
6.119848489761352539e-01
6.131363511085510254e-01
6.123636364936828613e-01
6.130454540252685547e-01
6.130757331848144531e-01
6.131439208984375000e-01
6.141060590744018555e-01
6.140151619911193848e-01
6.131969690322875977e-01
6.150757670402526855e-01
6.150075793266296387e-01
6.148409247398376465e-01
6.149621009826660156e-01
6.156591176986694336e-01
6.152272820472717285e-01
6.155984997749328613e-01
6.159242391586303711e-01
6.160227060317993164e-01
6.153257489204406738e-01
6.159848570823669434e-01
6.165909171104431152e-01
6.166591048240661621e-01
6.167500019073486328e-01
6.156136393547058105e-01
6.174848675727844238e-01
6.164014935493469238e-01
6.159090995788574219e-01
6.161515116691589355e-01
6.162727475166320801e-01
6.169469952583312988e-01
6.162727475166320801e-01
6.167120933532714844e-01
6.173636317253112793e-01
6.177878975868225098e-01
6.173105835914611816e-01
6.166439652442932129e-01
6.164924502372741699e-01
6.160227060317993164e-01
6.164394021034240723e-01
6.175530552864074707e-01
6.168181896209716797e-01
6.160151362419128418e-01
6.166136264801025391e-01
6.161969900131225586e-01
