2.100926637649536133e+00
1.789543509483337402e+00
1.608749270439147949e+00
1.527078986167907715e+00
1.484294176101684570e+00
1.464377880096435547e+00
1.436833500862121582e+00
1.413313269615173340e+00
1.405735254287719727e+00
1.379517555236816406e+00
1.358887434005737305e+00
1.342146873474121094e+00
1.329340219497680664e+00
1.316622138023376465e+00
1.304585337638854980e+00
1.297649383544921875e+00
1.287503719329833984e+00
1.290779232978820801e+00
1.277803897857666016e+00
1.272950291633605957e+00
1.264923334121704102e+00
1.260560870170593262e+00
1.254455924034118652e+00
1.249254703521728516e+00
1.240649580955505371e+00
1.235656142234802246e+00
1.231048464775085449e+00
1.222648978233337402e+00
1.218363761901855469e+00
1.211816549301147461e+00
1.211170673370361328e+00
1.204163551330566406e+00
1.198762893676757812e+00
1.204258322715759277e+00
1.192985534667968750e+00
1.186720252037048340e+00
1.182345390319824219e+00
1.179715394973754883e+00
1.175255298614501953e+00
1.171541929244995117e+00
1.169682145118713379e+00
1.164290666580200195e+00
1.160913467407226562e+00
1.158999681472778320e+00
1.151967048645019531e+00
1.150049328804016113e+00
1.146633148193359375e+00
1.143402934074401855e+00
1.138870358467102051e+00
1.133893966674804688e+00
1.130315899848937988e+00
1.126282691955566406e+00
1.121540904045104980e+00
1.118767380714416504e+00
1.115127325057983398e+00
1.111757874488830566e+00
1.094591259956359863e+00
1.089195489883422852e+00
1.088161826133728027e+00
1.086228489875793457e+00
1.083697795867919922e+00
1.081488132476806641e+00
1.081619024276733398e+00
1.077999711036682129e+00
1.076049804687500000e+00
1.076232790946960449e+00
1.074352264404296875e+00
1.072921037673950195e+00
1.061630845069885254e+00
1.060476660728454590e+00
1.059424996376037598e+00
1.058516144752502441e+00
1.056825041770935059e+00
1.055975556373596191e+00
1.054798245429992676e+00
1.054854035377502441e+00
1.054245233535766602e+00
1.053695321083068848e+00
1.054615497589111328e+00
1.052618741989135742e+00
1.050930857658386230e+00
1.047070741653442383e+00
1.043500423431396484e+00
1.045289039611816406e+00
1.043225407600402832e+00
1.043404817581176758e+00
1.043808341026306152e+00
1.042622804641723633e+00
1.043312430381774902e+00
1.041750669479370117e+00
1.038952231407165527e+00
1.038518905639648438e+00
1.037303447723388672e+00
1.038699746131896973e+00
1.037782549858093262e+00
1.036486387252807617e+00
1.035863757133483887e+00
1.036533355712890625e+00
1.034898996353149414e+00
1.035294532775878906e+00
1.035313487052917480e+00
1.037196636199951172e+00
1.035044193267822266e+00
1.034663558006286621e+00
1.034089565277099609e+00
1.033569931983947754e+00
1.034730792045593262e+00
1.033136844635009766e+00
1.032565474510192871e+00
1.032949328422546387e+00
1.033740639686584473e+00
1.033341050148010254e+00
1.033245921134948730e+00
1.033140301704406738e+00
1.033496737480163574e+00
1.033023715019226074e+00
1.032636404037475586e+00
1.032104730606079102e+00
1.033411502838134766e+00
1.033358216285705566e+00
1.032716989517211914e+00
1.032683968544006348e+00
1.032378435134887695e+00
1.033045172691345215e+00
1.033410787582397461e+00
1.032995581626892090e+00
1.033451676368713379e+00
