2.055378854274749756e-01
2.906212210655212402e-01
3.089545369148254395e-01
3.228863775730133057e-01
3.286060690879821777e-01
3.384696841239929199e-01
3.599015176296234131e-01
3.886060714721679688e-01
4.093181788921356201e-01
4.195151627063751221e-01
4.237727224826812744e-01
4.295606017112731934e-01
4.346363544464111328e-01
4.364469647407531738e-01
4.398939311504364014e-01
4.400681853294372559e-01
4.425454437732696533e-01
4.464772641658782959e-01
4.492802917957305908e-01
4.503181874752044678e-01
4.524924159049987793e-01
4.508636295795440674e-01
4.553333222866058350e-01
4.580984711647033691e-01
4.590530395507812500e-01
4.612196981906890869e-01
4.626515209674835205e-01
4.642727375030517578e-01
4.658409059047698975e-01
4.676666557788848877e-01
4.669924378395080566e-01
4.693106114864349365e-01
4.688484966754913330e-01
4.692878723144531250e-01
4.709999859333038330e-01
4.727348387241363525e-01
4.727803170680999756e-01
4.745227396488189697e-01
4.759697020053863525e-01
4.756818115711212158e-01
4.789091050624847412e-01
4.785909056663513184e-01
4.791666567325592041e-01
4.797196984291076660e-01
4.839999973773956299e-01
4.847045540809631348e-01
4.848257601261138916e-01
4.857272803783416748e-01
4.867727160453796387e-01
4.882575869560241699e-01
4.908484816551208496e-01
4.912878870964050293e-01
4.941136240959167480e-01
4.928636252880096436e-01
4.948863685131072998e-01
4.961136281490325928e-01
4.974393844604492188e-01
4.982954561710357666e-01
5.027197003364562988e-01
5.029621124267578125e-01
5.032272934913635254e-01
4.998939335346221924e-01
5.049393773078918457e-01
5.046514868736267090e-01
5.061818361282348633e-01
5.076136589050292969e-01
5.075833201408386230e-01
5.099166631698608398e-01
5.089242458343505859e-01
5.076515078544616699e-01
5.113030076026916504e-01
5.114924311637878418e-01
5.127727389335632324e-01
5.126818418502807617e-01
5.115984678268432617e-01
5.137500166893005371e-01
5.157878994941711426e-01
5.165833234786987305e-01
5.181742310523986816e-01
5.200605988502502441e-01
5.209545493125915527e-01
5.203409194946289062e-01
5.201818346977233887e-01
5.192727446556091309e-01
5.209696888923645020e-01
5.238788127899169922e-01
5.261363387107849121e-01
5.260682106018066406e-01
5.257803201675415039e-01
5.253484845161437988e-01
5.263409018516540527e-01
5.260378718376159668e-01
5.265075564384460449e-01
5.269242525100708008e-01
5.254166722297668457e-01
5.280908942222595215e-01
5.268484950065612793e-01
5.262954831123352051e-01
5.271666646003723145e-01
5.274924039840698242e-01
5.308939218521118164e-01
5.293863415718078613e-01
5.300227403640747070e-01
5.295227169990539551e-01
5.285302996635437012e-01
5.313333272933959961e-01
5.294393897056579590e-01
5.309166908264160156e-01
5.303484797477722168e-01
5.329924225807189941e-01
5.311363339424133301e-01
5.317196846008300781e-01
5.316969752311706543e-01
5.320302844047546387e-01
5.320302844047546387e-01
5.323636531829833984e-01
5.320909023284912109e-01
5.330908894538879395e-01
5.318939685821533203e-01
5.334621071815490723e-01
5.322499871253967285e-01
5.321742296218872070e-01
5.314924120903015137e-01
5.326666831970214844e-01
5.334924459457397461e-01
5.340303182601928711e-01
5.335606336593627930e-01
5.323712229728698730e-01
5.347424149513244629e-01
5.330227017402648926e-01
5.338939428329467773e-01
5.341818332672119141e-01
5.345757603645324707e-01
5.333712100982666016e-01
5.322045683860778809e-01
5.324545502662658691e-01
5.338636636734008789e-01
5.333333611488342285e-01
5.340151786804199219e-01
5.323787927627563477e-01
5.347424149513244629e-01
5.338788032531738281e-01
5.345302820205688477e-01
5.323712229728698730e-01
5.328106284141540527e-01
5.337651371955871582e-01
5.351287722587585449e-01
5.330757498741149902e-01
5.329393744468688965e-01
5.328788161277770996e-01
5.325227379798889160e-01
5.332424044609069824e-01
5.329242348670959473e-01
5.334545373916625977e-01
5.337197184562683105e-01
5.327121019363403320e-01
5.333030223846435547e-01
5.344620943069458008e-01
5.342651605606079102e-01
5.329924225807189941e-01
5.343711972236633301e-01
5.332424044609069824e-01
5.349545478820800781e-01
5.345454812049865723e-01
5.354772806167602539e-01
5.340151786804199219e-01
5.334621071815490723e-01
5.347727537155151367e-01
5.338484644889831543e-01
