2.139289855957031250e+00
1.903519034385681152e+00
1.840247988700866699e+00
1.799004316329956055e+00
1.777596950531005859e+00
1.749003291130065918e+00
1.701485395431518555e+00
1.630739688873291016e+00
1.571787238121032715e+00
1.544351696968078613e+00
1.529265880584716797e+00
1.510394215583801270e+00
1.497146368026733398e+00
1.490547657012939453e+00
1.481025576591491699e+00
1.476258873939514160e+00
1.468327403068542480e+00
1.458354473114013672e+00
1.453071475028991699e+00
1.447813749313354492e+00
1.442971110343933105e+00
1.440451979637145996e+00
1.436146616935729980e+00
1.428950548171997070e+00
1.426000356674194336e+00
1.421669602394104004e+00
1.417520046234130859e+00
1.414230823516845703e+00
1.407768845558166504e+00
1.403638720512390137e+00
1.402554273605346680e+00
1.397407531738281250e+00
1.400075793266296387e+00
1.396142363548278809e+00
1.394160985946655273e+00
1.384490370750427246e+00
1.386602759361267090e+00
1.379928112030029297e+00
1.378365397453308105e+00
1.378468155860900879e+00
1.370488166809082031e+00
1.368561387062072754e+00
1.369404077529907227e+00
1.365794777870178223e+00
1.356520414352416992e+00
1.355123758316040039e+00
1.355796933174133301e+00
1.348532795906066895e+00
1.349641799926757812e+00
1.346422553062438965e+00
1.344669461250305176e+00
1.342374801635742188e+00
1.334138870239257812e+00
1.339012742042541504e+00
1.332033038139343262e+00
1.329943418502807617e+00
1.329764008522033691e+00
1.323622465133666992e+00
1.316865682601928711e+00
1.315975308418273926e+00
1.315833210945129395e+00
1.322894096374511719e+00
1.310381054878234863e+00
1.312892556190490723e+00
1.309328198432922363e+00
1.307277321815490723e+00
1.303224205970764160e+00
1.302438855171203613e+00
1.302371859550476074e+00
1.302035927772521973e+00
1.295732617378234863e+00
1.296777009963989258e+00
1.294565081596374512e+00
1.293125987052917480e+00
1.294960260391235352e+00
1.291333317756652832e+00
1.279317855834960938e+00
1.279050111770629883e+00
1.275713324546813965e+00
1.272263288497924805e+00
1.272131323814392090e+00
1.270484447479248047e+00
1.271093010902404785e+00
1.270255684852600098e+00
1.268814206123352051e+00
1.262448191642761230e+00
1.259238362312316895e+00
1.260058522224426270e+00
1.261540174484252930e+00
1.257461071014404297e+00
1.260236859321594238e+00
1.257473349571228027e+00
1.256206035614013672e+00
1.257054567337036133e+00
1.256910324096679688e+00
1.253094196319580078e+00
1.256546497344970703e+00
1.257243514060974121e+00
1.254539608955383301e+00
1.250827193260192871e+00
1.246994376182556152e+00
1.248834013938903809e+00
1.249192714691162109e+00
1.249529957771301270e+00
1.250118136405944824e+00
1.247168540954589844e+00
1.249125123023986816e+00
1.245030879974365234e+00
1.247807502746582031e+00
1.244744181632995605e+00
1.245531439781188965e+00
1.242430686950683594e+00
1.245806813240051270e+00
1.242578268051147461e+00
1.242557168006896973e+00
1.244182229042053223e+00
1.245318770408630371e+00
1.242385983467102051e+00
1.245184183120727539e+00
1.242951989173889160e+00
1.242920756340026855e+00
1.244017004966735840e+00
1.242655277252197266e+00
1.241906762123107910e+00
1.240774989128112793e+00
1.240288138389587402e+00
1.241456031799316406e+00
1.243030071258544922e+00
1.240281820297241211e+00
1.241504669189453125e+00
1.239599704742431641e+00
1.239903211593627930e+00
1.240509867668151855e+00
1.240977406501770020e+00
1.242580294609069824e+00
1.242385149002075195e+00
1.241470098495483398e+00
1.241286516189575195e+00
1.241071224212646484e+00
1.241979837417602539e+00
1.239327669143676758e+00
1.240958690643310547e+00
1.239784240722656250e+00
1.242813825607299805e+00
1.241182208061218262e+00
1.240137934684753418e+00
1.239618897438049316e+00
1.242143273353576660e+00
1.241164922714233398e+00
1.240776777267456055e+00
1.242752432823181152e+00
1.240789175033569336e+00
1.239497065544128418e+00
1.239258050918579102e+00
1.240661144256591797e+00
1.240541577339172363e+00
1.239966869354248047e+00
1.239586353302001953e+00
1.238779902458190918e+00
1.242741703987121582e+00
1.240540385246276855e+00
1.242253422737121582e+00
1.241142749786376953e+00
1.239477276802062988e+00
1.238545417785644531e+00
1.239649415016174316e+00
1.238877415657043457e+00
1.240749478340148926e+00
1.239057064056396484e+00
