2.089696973562240601e-01
2.850984930992126465e-01
3.484772741794586182e-01
3.729924261569976807e-01
3.785606026649475098e-01
3.903484940528869629e-01
4.016893804073333740e-01
4.116060733795166016e-01
4.213787913322448730e-01
4.316591024398803711e-01
4.548106193542480469e-01
4.660151600837707520e-01
4.775909185409545898e-01
4.887197017669677734e-01
4.972651600837707520e-01
5.110075473785400391e-01
5.327348709106445312e-01
5.491060614585876465e-01
5.583636164665222168e-01
5.623409152030944824e-01
5.645227432250976562e-01
5.681818127632141113e-01
5.704545378684997559e-01
5.715302824974060059e-01
5.746363401412963867e-01
5.759090781211853027e-01
5.785151720046997070e-01
5.800378918647766113e-01
5.816515088081359863e-01
5.837273001670837402e-01
5.867803096771240234e-01
5.896136164665222168e-01
5.899772644042968750e-01
5.958712100982666016e-01
6.017196774482727051e-01
6.094242334365844727e-01
6.160379052162170410e-01
6.216060519218444824e-01
6.277651786804199219e-01
6.309242248535156250e-01
6.333030462265014648e-01
6.370757818222045898e-01
6.381666660308837891e-01
6.423636078834533691e-01
6.444166898727416992e-01
6.576969623565673828e-01
6.603333353996276855e-01
6.622121334075927734e-01
6.649772524833679199e-01
6.665984988212585449e-01
6.750681996345520020e-01
6.783106327056884766e-01
6.804166436195373535e-01
6.825378537178039551e-01
6.835757493972778320e-01
6.896591186523437500e-01
6.912575960159301758e-01
6.929469704627990723e-01
6.938636302947998047e-01
6.954393982887268066e-01
6.987500190734863281e-01
6.994696855545043945e-01
7.001136541366577148e-01
7.011287808418273926e-01
7.015681862831115723e-01
7.033560872077941895e-01
7.039545178413391113e-01
7.040302753448486328e-01
7.046893835067749023e-01
7.050454616546630859e-01
7.057499885559082031e-01
7.059166431427001953e-01
7.063333392143249512e-01
7.066136598587036133e-01
7.068409323692321777e-01
7.073788046836853027e-01
7.073333263397216797e-01
7.073863744735717773e-01
7.077045440673828125e-01
7.075909376144409180e-01
7.078030109405517578e-01
7.079697251319885254e-01
7.080530524253845215e-01
7.081666588783264160e-01
7.081439495086669922e-01
7.082499861717224121e-01
7.083787918090820312e-01
7.084166407585144043e-01
7.084242701530456543e-01
7.084848284721374512e-01
