2.097841978073120117e+00
1.887939453125000000e+00
1.686004877090454102e+00
1.586126089096069336e+00
1.558962106704711914e+00
1.523182153701782227e+00
1.489011049270629883e+00
1.466895699501037598e+00
1.463216781616210938e+00
1.439068794250488281e+00
1.385818243026733398e+00
1.358062982559204102e+00
1.336736202239990234e+00
1.315918922424316406e+00
1.296698570251464844e+00
1.271854877471923828e+00
1.228603482246398926e+00
1.182560086250305176e+00
1.160097002983093262e+00
1.146287798881530762e+00
1.139645814895629883e+00
1.131242275238037109e+00
1.124463438987731934e+00
1.121769309043884277e+00
1.113462686538696289e+00
1.109392523765563965e+00
1.105931043624877930e+00
1.102067947387695312e+00
1.097717046737670898e+00
1.093831896781921387e+00
1.088552594184875488e+00
1.086966037750244141e+00
1.083515763282775879e+00
1.073725223541259766e+00
1.068195223808288574e+00
1.057387351989746094e+00
1.048340797424316406e+00
1.036946773529052734e+00
1.024548292160034180e+00
1.017933368682861328e+00
1.011254191398620605e+00
1.002169847488403320e+00
9.987776875495910645e-01
9.898338913917541504e-01
9.838255047798156738e-01
9.534159898757934570e-01
9.454340338706970215e-01
9.391562342643737793e-01
9.342717528343200684e-01
9.289013147354125977e-01
9.083412885665893555e-01
9.010707736015319824e-01
8.966413736343383789e-01
8.925853967666625977e-01
8.877465128898620605e-01
8.750534653663635254e-01
8.706645965576171875e-01
8.668558001518249512e-01
8.643758296966552734e-01
8.618440032005310059e-01
8.542195558547973633e-01
8.517460823059082031e-01
8.499456644058227539e-01
8.481941819190979004e-01
8.466085791587829590e-01
8.426136970520019531e-01
8.413764834403991699e-01
8.404285907745361328e-01
8.394821286201477051e-01
8.384960293769836426e-01
8.364605903625488281e-01
8.358356356620788574e-01
8.353084921836853027e-01
8.348268866539001465e-01
8.342916369438171387e-01
8.332436084747314453e-01
8.329129219055175781e-01
8.326621651649475098e-01
8.324052095413208008e-01
8.321393132209777832e-01
8.315766453742980957e-01
8.314456343650817871e-01
8.312926292419433594e-01
8.311728835105895996e-01
8.310356736183166504e-01
8.307405710220336914e-01
8.306743502616882324e-01
8.306057453155517578e-01
8.305434584617614746e-01
8.304703235626220703e-01
