2.302121222019195557e-01
4.139090776443481445e-01
4.604242444038391113e-01
4.768712222576141357e-01
4.864545464515686035e-01
4.960681796073913574e-01
5.000984668731689453e-01
5.066817998886108398e-01
5.120530128479003906e-01
5.173560380935668945e-01
5.251742601394653320e-01
5.296136140823364258e-01
5.351212024688720703e-01
5.357878804206848145e-01
5.398257374763488770e-01
5.409318208694458008e-01
5.421742200851440430e-01
5.442045331001281738e-01
5.463408827781677246e-01
5.475378632545471191e-01
5.488939285278320312e-01
5.490151643753051758e-01
5.495606064796447754e-01
5.522575974464416504e-01
5.534999966621398926e-01
5.544317960739135742e-01
5.537651777267456055e-01
5.570303201675415039e-01
5.578485131263732910e-01
5.590606331825256348e-01
5.593106150627136230e-01
5.624015331268310547e-01
5.624015331268310547e-01
5.632954835891723633e-01
5.646742582321166992e-01
5.662196874618530273e-01
5.674242377281188965e-01
5.684621334075927734e-01
5.688030123710632324e-01
5.710151791572570801e-01
5.707651376724243164e-01
5.719621181488037109e-01
5.754242539405822754e-01
5.725606083869934082e-01
5.766136646270751953e-01
5.762424468994140625e-01
5.779318213462829590e-01
5.766212344169616699e-01
5.784621238708496094e-01
5.793333053588867188e-01
5.811893939971923828e-01
5.828484892845153809e-01
5.823484659194946289e-01
5.843863487243652344e-01
5.844621062278747559e-01
5.863181948661804199e-01
5.864772796630859375e-01
5.864015221595764160e-01
5.885151624679565430e-01
5.889545679092407227e-01
5.893105864524841309e-01
5.958636403083801270e-01
5.977575778961181641e-01
5.978711843490600586e-01
5.992954373359680176e-01
5.983863472938537598e-01
5.994469523429870605e-01
6.001666784286499023e-01
6.008257865905761719e-01
6.027575731277465820e-01
6.022045612335205078e-01
6.058787703514099121e-01
6.063560843467712402e-01
6.064848303794860840e-01
6.051515340805053711e-01
6.060606241226196289e-01
6.075000166893005371e-01
6.071742177009582520e-01
6.087499856948852539e-01
6.083333492279052734e-01
6.077045202255249023e-01
6.074848771095275879e-01
6.098105907440185547e-01
6.106969714164733887e-01
6.109242439270019531e-01
6.109620928764343262e-01
6.115075945854187012e-01
6.115757822990417480e-01
6.130454540252685547e-01
6.125000119209289551e-01
6.133182048797607422e-01
6.126742362976074219e-01
6.130378842353820801e-01
6.122878789901733398e-01
6.133257746696472168e-01
6.137727499008178711e-01
6.131212115287780762e-01
6.141211986541748047e-01
6.145908832550048828e-01
6.144848465919494629e-01
6.130833625793457031e-01
6.134999990463256836e-01
6.138257384300231934e-01
6.134091019630432129e-01
6.139924526214599609e-01
6.134848594665527344e-01
6.145227551460266113e-01
6.141363382339477539e-01
6.151893734931945801e-01
6.144166588783264160e-01
6.139545440673828125e-01
6.141439676284790039e-01
6.140151619911193848e-01
6.136515140533447266e-01
6.150606274604797363e-01
6.155378818511962891e-01
6.151590943336486816e-01
6.148560643196105957e-01
6.146515011787414551e-01
6.153181791305541992e-01
6.146969795227050781e-01
6.155227422714233398e-01
6.147651672363281250e-01
6.148409247398376465e-01
6.148181557655334473e-01
6.155303120613098145e-01
6.155757308006286621e-01
6.148105859756469727e-01
6.151060461997985840e-01
6.154469847679138184e-01
6.158257722854614258e-01
6.165682077407836914e-01
6.153560876846313477e-01
6.159469485282897949e-01
6.153333187103271484e-01
6.154545545578002930e-01
6.150227189064025879e-01
6.151211857795715332e-01
6.153636574745178223e-01
6.156514883041381836e-01
6.159015297889709473e-01
6.149015426635742188e-01
6.140378713607788086e-01
