2.062224149703979492e+00
1.569269776344299316e+00
1.416262030601501465e+00
1.373619794845581055e+00
1.349055051803588867e+00
1.327535986900329590e+00
1.315777301788330078e+00
1.301822900772094727e+00
1.290341854095458984e+00
1.281190633773803711e+00
1.267715215682983398e+00
1.256525158882141113e+00
1.241780757904052734e+00
1.239035129547119141e+00
1.228710055351257324e+00
1.224430918693542480e+00
1.222537159919738770e+00
1.216748118400573730e+00
1.213152408599853516e+00
1.208638072013854980e+00
1.206006407737731934e+00
1.206859350204467773e+00
1.202602982521057129e+00
1.198280572891235352e+00
1.191896319389343262e+00
1.189607143402099609e+00
1.189943075180053711e+00
1.182571649551391602e+00
1.181498646736145020e+00
1.177103757858276367e+00
1.175240516662597656e+00
1.168849945068359375e+00
1.168919563293457031e+00
1.166053652763366699e+00
1.161181926727294922e+00
1.157078981399536133e+00
1.155691504478454590e+00
1.150418996810913086e+00
1.149207115173339844e+00
1.144143939018249512e+00
1.145950436592102051e+00
1.140887737274169922e+00
1.135723590850830078e+00
1.137553811073303223e+00
1.131880640983581543e+00
1.130973100662231445e+00
1.126902461051940918e+00
1.128714919090270996e+00
1.124486327171325684e+00
1.122138261795043945e+00
1.117772340774536133e+00
1.115890741348266602e+00
1.116186618804931641e+00
1.113722562789916992e+00
1.112184762954711914e+00
1.109359741210937500e+00
1.106606483459472656e+00
1.106612920761108398e+00
1.104283452033996582e+00
1.102310895919799805e+00
1.099829077720642090e+00
1.086590290069580078e+00
1.080951094627380371e+00
1.082268714904785156e+00
1.080002307891845703e+00
1.080991625785827637e+00
1.078335165977478027e+00
1.077953219413757324e+00
1.078414797782897949e+00
1.072377324104309082e+00
1.071467638015747070e+00
1.064201474189758301e+00
1.064729809761047363e+00
1.063565969467163086e+00
1.063480257987976074e+00
1.062619924545288086e+00
1.061351895332336426e+00
1.060713529586791992e+00
1.060093164443969727e+00
1.059172868728637695e+00
1.059742808341979980e+00
1.059142351150512695e+00
1.053445100784301758e+00
1.050334215164184570e+00
1.052658081054687500e+00
1.051581382751464844e+00
1.051065921783447266e+00
1.050698280334472656e+00
1.047369718551635742e+00
1.047020316123962402e+00
1.048153042793273926e+00
1.048599958419799805e+00
1.047156691551208496e+00
1.047869086265563965e+00
1.046172738075256348e+00
1.045910954475402832e+00
1.046903610229492188e+00
1.044183611869812012e+00
1.044169545173645020e+00
1.043226718902587891e+00
1.044954061508178711e+00
1.044436693191528320e+00
1.044789195060729980e+00
1.044613718986511230e+00
1.044882535934448242e+00
1.044317960739135742e+00
1.043575644493103027e+00
1.042656779289245605e+00
1.043704271316528320e+00
1.043023109436035156e+00
1.042502880096435547e+00
1.043882250785827637e+00
1.042496323585510254e+00
1.043378233909606934e+00
1.043490529060363770e+00
1.041727662086486816e+00
1.042619943618774414e+00
1.042183995246887207e+00
1.041819691658020020e+00
1.041588902473449707e+00
1.042366743087768555e+00
1.042337536811828613e+00
1.042897701263427734e+00
1.042493820190429688e+00
1.041781067848205566e+00
1.041885018348693848e+00
1.042099714279174805e+00
1.042788863182067871e+00
1.042042493820190430e+00
1.041136980056762695e+00
1.041234731674194336e+00
1.042230725288391113e+00
1.040976285934448242e+00
1.041781306266784668e+00
1.041486859321594238e+00
1.041393995285034180e+00
1.041406631469726562e+00
1.041494727134704590e+00
1.041949152946472168e+00
1.042302012443542480e+00
1.041148185729980469e+00
1.042383432388305664e+00
1.043243765830993652e+00
