3.031212091445922852e-01
4.541439414024353027e-01
4.696060717105865479e-01
4.804242551326751709e-01
4.895984828472137451e-01
4.955303072929382324e-01
5.035378932952880859e-01
5.105682015419006348e-01
5.184999704360961914e-01
5.274848341941833496e-01
5.342045426368713379e-01
5.394393801689147949e-01
5.451591014862060547e-01
5.507348775863647461e-01
5.553863644599914551e-01
5.595909357070922852e-01
5.651590824127197266e-01
5.657500028610229492e-01
5.692575573921203613e-01
5.708106160163879395e-01
5.728636384010314941e-01
5.747272968292236328e-01
5.776060819625854492e-01
5.780075788497924805e-01
5.806136131286621094e-01
5.804848670959472656e-01
5.824924111366271973e-01
5.837651491165161133e-01
5.845151543617248535e-01
5.866590738296508789e-01
5.884469747543334961e-01
5.894318222999572754e-01
5.972954630851745605e-01
5.972499847412109375e-01
5.982196927070617676e-01
5.994697213172912598e-01
5.989242196083068848e-01
6.006136536598205566e-01
6.015530228614807129e-01
6.045984625816345215e-01
6.056060791015625000e-01
6.047272682189941406e-01
6.056969761848449707e-01
6.066363453865051270e-01
6.072576045989990234e-01
6.075984835624694824e-01
6.091515421867370605e-01
6.073712110519409180e-01
6.084015369415283203e-01
6.073105931282043457e-01
6.093030571937561035e-01
6.091666817665100098e-01
6.093333363533020020e-01
6.115000247955322266e-01
6.123105883598327637e-01
6.119697093963623047e-01
6.124166846275329590e-01
6.127272844314575195e-01
6.127575635910034180e-01
6.127499938011169434e-01
6.132954359054565430e-01
6.145833134651184082e-01
6.150151491165161133e-01
6.147045493125915527e-01
6.140151619911193848e-01
6.156969666481018066e-01
6.156969666481018066e-01
6.153106093406677246e-01
6.149773001670837402e-01
6.147272586822509766e-01
6.148257851600646973e-01
6.150454282760620117e-01
6.156666874885559082e-01
6.153333187103271484e-01
6.155984997749328613e-01
6.160227060317993164e-01
6.162651777267456055e-01
6.163030266761779785e-01
6.163787841796875000e-01
6.161212325096130371e-01
6.164621114730834961e-01
6.168333292007446289e-01
6.168484687805175781e-01
6.169166564941406250e-01
6.165151596069335938e-01
6.172500252723693848e-01
6.170681715011596680e-01
6.172803044319152832e-01
6.173181533813476562e-01
6.171212196350097656e-01
6.172803044319152832e-01
6.172045469284057617e-01
6.172727346420288086e-01
6.170757412910461426e-01
6.169242262840270996e-01
6.166591048240661621e-01
6.172500252723693848e-01
6.167272925376892090e-01
6.167500019073486328e-01
6.176742315292358398e-01
6.180378794670104980e-01
6.182575821876525879e-01
6.190984845161437988e-01
