1.896878719329833984e+00
1.450036883354187012e+00
1.387641310691833496e+00
1.355543494224548340e+00
1.334726095199584961e+00
1.320564150810241699e+00
1.305908918380737305e+00
1.293526887893676758e+00
1.281128287315368652e+00
1.266366720199584961e+00
1.252420663833618164e+00
1.242924332618713379e+00
1.233943104743957520e+00
1.222458839416503906e+00
1.214503169059753418e+00
1.205849885940551758e+00
1.195782303810119629e+00
1.191210389137268066e+00
1.183220982551574707e+00
1.179801702499389648e+00
1.174740433692932129e+00
1.172234416007995605e+00
1.164253473281860352e+00
1.161883950233459473e+00
1.154217600822448730e+00
1.152480959892272949e+00
1.148353815078735352e+00
1.145969390869140625e+00
1.144296050071716309e+00
1.137478947639465332e+00
1.133596301078796387e+00
1.130197763442993164e+00
1.109817385673522949e+00
1.109521269798278809e+00
1.105690717697143555e+00
1.102584242820739746e+00
1.102619886398315430e+00
1.098478436470031738e+00
1.097784876823425293e+00
1.087122917175292969e+00
1.083976030349731445e+00
1.084093570709228516e+00
1.082157611846923828e+00
1.081879854202270508e+00
1.079236268997192383e+00
1.078066825866699219e+00
1.075778365135192871e+00
1.075586795806884766e+00
1.073765039443969727e+00
1.073239564895629883e+00
1.071714043617248535e+00
1.070840477943420410e+00
1.070533871650695801e+00
1.063860535621643066e+00
1.062537550926208496e+00
1.062216639518737793e+00
1.061589956283569336e+00
1.060547828674316406e+00
1.060590267181396484e+00
1.060389041900634766e+00
1.057145118713378906e+00
1.055953025817871094e+00
1.055158376693725586e+00
1.055424332618713379e+00
1.055895447731018066e+00
1.053233742713928223e+00
1.053980231285095215e+00
1.053998827934265137e+00
1.052880883216857910e+00
1.052777409553527832e+00
1.053400516510009766e+00
1.051867842674255371e+00
1.053169488906860352e+00
1.051887273788452148e+00
1.051831722259521484e+00
1.050356864929199219e+00
1.051250696182250977e+00
1.051023125648498535e+00
1.048808097839355469e+00
1.049272775650024414e+00
1.048691272735595703e+00
1.047674298286437988e+00
1.048260569572448730e+00
1.047306180000305176e+00
1.047419786453247070e+00
1.046745061874389648e+00
1.047395944595336914e+00
1.046892285346984863e+00
1.046904444694519043e+00
1.047090888023376465e+00
1.047212719917297363e+00
1.046297788619995117e+00
1.046559810638427734e+00
1.045854568481445312e+00
1.046220541000366211e+00
1.047058343887329102e+00
1.045747637748718262e+00
1.046976566314697266e+00
1.046536564826965332e+00
1.046722531318664551e+00
1.046591877937316895e+00
1.045028448104858398e+00
1.045578598976135254e+00
