1.945523977279663086e+00
1.533842444419860840e+00
1.399077892303466797e+00
1.362521767616271973e+00
1.338963627815246582e+00
1.322155952453613281e+00
1.306817650794982910e+00
1.291815400123596191e+00
1.279073238372802734e+00
1.268106222152709961e+00
1.252841234207153320e+00
1.239418625831604004e+00
1.229546785354614258e+00
1.221769809722900391e+00
1.215084552764892578e+00
1.207823276519775391e+00
1.202021718025207520e+00
1.199819326400756836e+00
1.191434621810913086e+00
1.187711715698242188e+00
1.184091925621032715e+00
1.179095506668090820e+00
1.174799799919128418e+00
1.168312430381774902e+00
1.165225148200988770e+00
1.161219954490661621e+00
1.156590104103088379e+00
1.151291131973266602e+00
1.147301554679870605e+00
1.143416047096252441e+00
1.139623403549194336e+00
1.137541294097900391e+00
1.131034970283508301e+00
1.126129508018493652e+00
1.124931454658508301e+00
1.121683716773986816e+00
1.116944193840026855e+00
1.113884449005126953e+00
1.110209226608276367e+00
1.107284903526306152e+00
1.103788495063781738e+00
1.103419780731201172e+00
1.098190784454345703e+00
1.094759583473205566e+00
1.092101335525512695e+00
1.091238498687744141e+00
1.085685968399047852e+00
1.089938044548034668e+00
1.081813693046569824e+00
1.078698039054870605e+00
1.063958287239074707e+00
1.062633156776428223e+00
1.060430526733398438e+00
1.060128808021545410e+00
1.056222677230834961e+00
1.054253578186035156e+00
1.054034590721130371e+00
1.054051041603088379e+00
1.050968050956726074e+00
1.049937605857849121e+00
1.049131512641906738e+00
1.047262072563171387e+00
1.047420978546142578e+00
1.047456979751586914e+00
1.043956995010375977e+00
1.044438004493713379e+00
1.034868001937866211e+00
1.032764792442321777e+00
1.033647537231445312e+00
1.031906485557556152e+00
1.031033992767333984e+00
1.029876351356506348e+00
1.026660561561584473e+00
1.025473952293395996e+00
1.024851083755493164e+00
1.025017142295837402e+00
1.022950053215026855e+00
1.023651242256164551e+00
1.020979642868041992e+00
1.020420789718627930e+00
1.019813179969787598e+00
1.020396709442138672e+00
1.019397974014282227e+00
1.020808339118957520e+00
1.020412802696228027e+00
1.019106507301330566e+00
1.019169688224792480e+00
1.018347501754760742e+00
1.018885612487792969e+00
1.019470930099487305e+00
1.017379641532897949e+00
1.016361474990844727e+00
1.017486095428466797e+00
1.017408132553100586e+00
1.016771197319030762e+00
1.015374660491943359e+00
1.015871047973632812e+00
1.016091227531433105e+00
1.016026020050048828e+00
1.017657995223999023e+00
1.014945268630981445e+00
1.016763567924499512e+00
1.014584779739379883e+00
1.014106273651123047e+00
1.016451358795166016e+00
1.015267729759216309e+00
1.015375137329101562e+00
1.014751434326171875e+00
1.015463352203369141e+00
1.015380620956420898e+00
1.015075683593750000e+00
1.015603542327880859e+00
1.014782786369323730e+00
1.014901638031005859e+00
1.014739274978637695e+00
1.015059947967529297e+00
1.014779090881347656e+00
1.015167593955993652e+00
1.012877106666564941e+00
1.014778852462768555e+00
1.014528632164001465e+00
1.015295147895812988e+00
1.014546275138854980e+00
1.014600038528442383e+00
1.014427185058593750e+00
1.015029549598693848e+00
1.015425086021423340e+00
