2.917197048664093018e-01
4.312272667884826660e-01
4.713181853294372559e-01
4.828484952449798584e-01
4.915833473205566406e-01
5.005151629447937012e-01
5.076969861984252930e-01
5.156211853027343750e-01
5.218030214309692383e-01
5.280681848526000977e-01
5.360757708549499512e-01
5.418863892555236816e-01
5.460454821586608887e-01
5.486515164375305176e-01
5.523712038993835449e-01
5.549242496490478516e-01
5.569242238998413086e-01
5.594242215156555176e-01
5.619317889213562012e-01
5.644166469573974609e-01
5.660151243209838867e-01
5.683636069297790527e-01
5.694015026092529297e-01
5.730984807014465332e-01
5.743560791015625000e-01
5.764545202255249023e-01
5.792272686958312988e-01
5.810833573341369629e-01
5.819242596626281738e-01
5.831969976425170898e-01
5.860378742218017578e-01
5.854318141937255859e-01
5.885605812072753906e-01
5.897045731544494629e-01
5.905227065086364746e-01
5.918257832527160645e-01
5.940227508544921875e-01
5.949394106864929199e-01
5.952878594398498535e-01
5.971060395240783691e-01
5.979848504066467285e-01
5.985757708549499512e-01
6.003181934356689453e-01
6.013787984848022461e-01
6.017727255821228027e-01
6.019469499588012695e-01
6.039621233940124512e-01
6.020151376724243164e-01
6.042878627777099609e-01
6.064090728759765625e-01
6.114469766616821289e-01
6.120303273200988770e-01
6.124242544174194336e-01
6.122348308563232422e-01
6.139242649078369141e-01
6.143712401390075684e-01
6.136515140533447266e-01
6.141287684440612793e-01
6.153408885002136230e-01
6.148105859756469727e-01
6.156363487243652344e-01
6.172196865081787109e-01
6.165151596069335938e-01
6.164318323135375977e-01
6.177045702934265137e-01
6.178560853004455566e-01
6.207802891731262207e-01
6.207424402236938477e-01
6.212045550346374512e-01
6.212348341941833496e-01
6.215833425521850586e-01
6.215227246284484863e-01
6.225833296775817871e-01
6.233257651329040527e-01
6.227424144744873047e-01
6.226817965507507324e-01
6.234924197196960449e-01
6.228863596916198730e-01
6.240454316139221191e-01
6.253939270973205566e-01
6.251439452171325684e-01
6.249772906303405762e-01
6.255075931549072266e-01
6.241287589073181152e-01
6.248257756233215332e-01
6.247500181198120117e-01
6.259317994117736816e-01
6.252424120903015137e-01
6.251439452171325684e-01
6.247651576995849609e-01
6.256666779518127441e-01
6.260303258895874023e-01
6.258636116981506348e-01
6.264015436172485352e-01
6.255757808685302734e-01
6.272954344749450684e-01
6.268863677978515625e-01
6.261212229728698730e-01
6.265075802803039551e-01
6.250302791595458984e-01
6.263257861137390137e-01
6.260151267051696777e-01
6.268939375877380371e-01
6.266211867332458496e-01
6.265606284141540527e-01
6.258788108825683594e-01
6.262803077697753906e-01
6.264242529869079590e-01
6.265302896499633789e-01
6.266590952873229980e-01
6.273333430290222168e-01
6.260227560997009277e-01
6.261969804763793945e-01
6.265681982040405273e-01
6.256211996078491211e-01
6.268030405044555664e-01
6.257802844047546387e-01
6.271666884422302246e-01
6.266666650772094727e-01
6.262954473495483398e-01
6.265151500701904297e-01
6.265606284141540527e-01
6.256742477416992188e-01
6.263636350631713867e-01
6.269090771675109863e-01
6.265454292297363281e-01
6.272727251052856445e-01
