3.218257427215576172e-01
4.590511322021484375e-01
4.790530204772949219e-01
4.866325855255126953e-01
4.924412965774536133e-01
4.997310638427734375e-01
5.068863630294799805e-01
5.124791860580444336e-01
5.191060900688171387e-01
5.248958468437194824e-01
5.306856036186218262e-01
5.342841148376464844e-01
5.379129052162170410e-01
5.406231284141540527e-01
5.432196855545043945e-01
5.451666712760925293e-01
5.474526286125183105e-01
5.494375228881835938e-01
5.510321855545043945e-01
5.529886484146118164e-01
5.537651777267456055e-01
5.552121400833129883e-01
5.562348365783691406e-01
5.577499866485595703e-01
5.588901638984680176e-01
5.593882799148559570e-01
5.614393949508666992e-01
5.626477003097534180e-01
5.637670159339904785e-01
5.647481083869934082e-01
5.658636093139648438e-01
5.668049454689025879e-01
5.671893954277038574e-01
5.679526329040527344e-01
5.695416927337646484e-01
5.695094466209411621e-01
5.709109902381896973e-01
5.713750123977661133e-01
5.716496109962463379e-01
5.789583325386047363e-01
5.801117420196533203e-01
5.810018777847290039e-01
5.818465948104858398e-01
5.825625061988830566e-01
5.870246291160583496e-01
5.877783894538879395e-01
5.882765054702758789e-01
5.886647701263427734e-01
5.893825888633728027e-01
5.919848680496215820e-01
5.923560857772827148e-01
5.929450988769531250e-01
5.931439399719238281e-01
5.934791564941406250e-01
5.947897434234619141e-01
5.952367186546325684e-01
5.952215790748596191e-01
5.955700874328613281e-01
5.956439375877380371e-01
5.964621305465698242e-01
5.966060757637023926e-01
5.967045426368713379e-01
5.967083573341369629e-01
5.968390107154846191e-01
