1.792661666870117188e+00
1.420316219329833984e+00
1.362470388412475586e+00
1.341975331306457520e+00
1.327715039253234863e+00
1.314266562461853027e+00
1.301245093345642090e+00
1.289714932441711426e+00
1.277198195457458496e+00
1.267759799957275391e+00
1.255994439125061035e+00
1.247405529022216797e+00
1.238022327423095703e+00
1.231292009353637695e+00
1.225892901420593262e+00
1.220246434211730957e+00
1.214540362358093262e+00
1.209548115730285645e+00
1.206207275390625000e+00
1.201870560646057129e+00
1.199294567108154297e+00
1.196397185325622559e+00
1.193465948104858398e+00
1.189883470535278320e+00
1.187001824378967285e+00
1.185474753379821777e+00
1.181477069854736328e+00
1.178200364112854004e+00
1.176431894302368164e+00
1.174598336219787598e+00
1.171231627464294434e+00
1.168883204460144043e+00
1.166955113410949707e+00
1.165872216224670410e+00
1.162778735160827637e+00
1.161771297454833984e+00
1.158762812614440918e+00
1.159050464630126953e+00
1.156515598297119141e+00
1.138908743858337402e+00
1.136262297630310059e+00
1.133811116218566895e+00
1.132362365722656250e+00
1.130536556243896484e+00
1.119566679000854492e+00
1.118120312690734863e+00
1.116642236709594727e+00
1.115319252014160156e+00
1.114025712013244629e+00
1.107767343521118164e+00
1.106559157371520996e+00
1.106050252914428711e+00
1.105306267738342285e+00
1.104340195655822754e+00
1.100932836532592773e+00
1.100227475166320801e+00
1.100008249282836914e+00
1.099658966064453125e+00
1.099271178245544434e+00
1.097089529037475586e+00
1.097018599510192871e+00
1.097077846527099609e+00
1.096782803535461426e+00
1.096325635910034180e+00
