2.210454493761062622e-01
3.616609871387481689e-01
3.970094621181488037e-01
4.178465902805328369e-01
4.313390254974365234e-01
4.412178099155426025e-01
4.508617520332336426e-01
4.546344578266143799e-01
4.570094645023345947e-01
4.599318206310272217e-01
4.638541638851165771e-01
4.690359830856323242e-01
4.713598489761352539e-01
4.727765023708343506e-01
4.742026627063751221e-01
4.757462143898010254e-01
4.777973592281341553e-01
4.787386357784271240e-01
4.801382720470428467e-01
4.805643856525421143e-01
4.813143908977508545e-01
4.825492501258850098e-01
4.833163022994995117e-01
4.839109778404235840e-01
4.837291538715362549e-01
4.843011498451232910e-01
4.846250116825103760e-01
4.857935607433319092e-01
4.849772751331329346e-01
4.857632517814636230e-01
4.857822060585021973e-01
