2.101165294647216797e+00
1.719046711921691895e+00
1.635320186614990234e+00
1.580863237380981445e+00
1.545839667320251465e+00
1.520477771759033203e+00
1.492490768432617188e+00
1.480754375457763672e+00
1.472975492477416992e+00
1.464890360832214355e+00
1.453670501708984375e+00
1.439159393310546875e+00
1.434354424476623535e+00
1.430746316909790039e+00
1.425545692443847656e+00
1.421418547630310059e+00
1.414922237396240234e+00
1.412058353424072266e+00
1.410604119300842285e+00
1.408129692077636719e+00
1.404986262321472168e+00
1.402768611907958984e+00
1.400098443031311035e+00
1.399112224578857422e+00
1.398943185806274414e+00
1.397810459136962891e+00
1.395951390266418457e+00
1.394478082656860352e+00
1.395061612129211426e+00
1.393462061882019043e+00
1.393120288848876953e+00
