1.931335449218750000e+00
1.568087220191955566e+00
1.443871617317199707e+00
1.403327107429504395e+00
1.370729207992553711e+00
1.350738167762756348e+00
1.328332901000976562e+00
1.311812043190002441e+00
1.291454076766967773e+00
1.275925517082214355e+00
1.261632561683654785e+00
1.247626304626464844e+00
1.235763788223266602e+00
1.228120326995849609e+00
1.221573472023010254e+00
1.214411854743957520e+00
1.205326795578002930e+00
1.205841898918151855e+00
1.199602723121643066e+00
1.197804570198059082e+00
1.192118763923645020e+00
1.184587836265563965e+00
1.184602856636047363e+00
1.166979312896728516e+00
1.162634730339050293e+00
1.161312818527221680e+00
1.160557985305786133e+00
1.154393672943115234e+00
1.153470277786254883e+00
1.149993062019348145e+00
1.149565577507019043e+00
1.145527124404907227e+00
1.141035556793212891e+00
1.142489671707153320e+00
1.143181324005126953e+00
1.135667204856872559e+00
1.131475448608398438e+00
1.128592371940612793e+00
1.126768589019775391e+00
1.125982642173767090e+00
1.121433734893798828e+00
1.121374607086181641e+00
1.115936040878295898e+00
1.116427183151245117e+00
1.115518331527709961e+00
1.114492535591125488e+00
1.108320832252502441e+00
1.107266187667846680e+00
1.105813384056091309e+00
1.100926280021667480e+00
1.093959808349609375e+00
1.092904925346374512e+00
1.090660572052001953e+00
1.089742541313171387e+00
1.087403059005737305e+00
1.086812973022460938e+00
1.086577415466308594e+00
1.084430098533630371e+00
1.083956599235534668e+00
1.082855463027954102e+00
1.081473469734191895e+00
1.080106735229492188e+00
1.079690814018249512e+00
1.078238129615783691e+00
1.078831911087036133e+00
1.077645182609558105e+00
1.075430631637573242e+00
1.069307327270507812e+00
1.069162726402282715e+00
1.068629026412963867e+00
1.067318677902221680e+00
1.067268013954162598e+00
1.065725207328796387e+00
1.066104531288146973e+00
1.064916491508483887e+00
1.064348816871643066e+00
1.061443924903869629e+00
1.061553001403808594e+00
1.061320543289184570e+00
1.062133669853210449e+00
1.061246633529663086e+00
1.060413837432861328e+00
1.060553193092346191e+00
1.058706045150756836e+00
1.059458255767822266e+00
1.059901356697082520e+00
1.056941151618957520e+00
1.058351755142211914e+00
1.059668064117431641e+00
1.056682109832763672e+00
1.056631326675415039e+00
1.056871175765991211e+00
1.056095957756042480e+00
1.056187868118286133e+00
1.055745720863342285e+00
1.055560588836669922e+00
1.055356502532958984e+00
1.054938912391662598e+00
1.054549574851989746e+00
1.054444551467895508e+00
1.053956866264343262e+00
1.054646611213684082e+00
1.055827140808105469e+00
1.054942488670349121e+00
1.054856300354003906e+00
1.054940819740295410e+00
1.053521752357482910e+00
1.054989814758300781e+00
1.052931785583496094e+00
1.054090499877929688e+00
1.053383588790893555e+00
1.055126190185546875e+00
1.053471446037292480e+00
1.052993774414062500e+00
1.053324341773986816e+00
1.053272366523742676e+00
1.052870392799377441e+00
1.053241133689880371e+00
1.053864479064941406e+00
1.052479624748229980e+00
1.053662657737731934e+00
1.052450537681579590e+00
1.053549408912658691e+00
1.051888227462768555e+00
1.052694201469421387e+00
1.052524805068969727e+00
1.052339076995849609e+00
1.053244590759277344e+00
1.053692221641540527e+00
1.052686333656311035e+00
1.052262783050537109e+00
1.053907275199890137e+00
1.051857471466064453e+00
1.052193164825439453e+00
1.052995324134826660e+00
1.052270293235778809e+00
1.052574276924133301e+00
