2.922196984291076660e-01
4.143939316272735596e-01
4.558484852313995361e-01
4.682651460170745850e-01
4.776515066623687744e-01
4.884318113327026367e-01
4.995909035205841064e-01
5.090227127075195312e-01
5.180227160453796387e-01
5.264242291450500488e-01
5.320757627487182617e-01
5.375530123710632324e-01
5.432803034782409668e-01
5.458105802536010742e-01
5.494393706321716309e-01
5.527878999710083008e-01
5.558939576148986816e-01
5.556287765502929688e-01
5.588257312774658203e-01
5.602121353149414062e-01
5.633863806724548340e-01
5.664166808128356934e-01
5.673787593841552734e-01
5.746136307716369629e-01
5.757879018783569336e-01
5.773560404777526855e-01
5.791060328483581543e-01
5.810681581497192383e-01
5.814545750617980957e-01
5.825151801109313965e-01
5.830302834510803223e-01
5.845227241516113281e-01
5.860227346420288086e-01
5.846515297889709473e-01
5.846363902091979980e-01
5.889545679092407227e-01
5.893030166625976562e-01
5.912045240402221680e-01
5.909318327903747559e-01
5.910909175872802734e-01
5.944091081619262695e-01
5.934166908264160156e-01
5.957803130149841309e-01
5.957954525947570801e-01
5.960151553153991699e-01
5.964317917823791504e-01
5.977727174758911133e-01
5.983181595802307129e-01
5.985682010650634766e-01
6.011288166046142578e-01
6.035606265068054199e-01
6.037726998329162598e-01
6.042045354843139648e-01
6.043560504913330078e-01
6.052651405334472656e-01
6.052802801132202148e-01
6.052954792976379395e-01
6.057727336883544922e-01
6.068409085273742676e-01
6.061742305755615234e-01
6.072499752044677734e-01
6.072045564651489258e-01
6.085909008979797363e-01
6.087197065353393555e-01
6.070454716682434082e-01
6.090151667594909668e-01
6.098560690879821777e-01
6.114696860313415527e-01
6.114166378974914551e-01
6.118257641792297363e-01
6.118106245994567871e-01
6.124545335769653320e-01
6.125151515007019043e-01
6.124924421310424805e-01
6.126515269279479980e-01
6.127954721450805664e-01
6.138409376144409180e-01
6.142727136611938477e-01
6.137878894805908203e-01
6.144545674324035645e-01
6.137651801109313965e-01
6.145151257514953613e-01
6.135379076004028320e-01
6.139621138572692871e-01
6.144393682479858398e-01
6.145530343055725098e-01
6.147954463958740234e-01
6.149242520332336426e-01
6.134318113327026367e-01
6.147121191024780273e-01
6.153333187103271484e-01
6.159166693687438965e-01
6.153333187103271484e-01
6.153560876846313477e-01
6.152803301811218262e-01
6.160454750061035156e-01
6.157802939414978027e-01
6.159242391586303711e-01
6.164014935493469238e-01
6.156136393547058105e-01
6.165757775306701660e-01
6.154166460037231445e-01
6.151969432830810547e-01
6.158787608146667480e-01
6.158560514450073242e-01
6.155151724815368652e-01
6.165151596069335938e-01
6.152499914169311523e-01
6.169469952583312988e-01
6.161969900131225586e-01
6.152499914169311523e-01
6.158106327056884766e-01
6.162348389625549316e-01
6.166591048240661621e-01
6.168712377548217773e-01
6.165454387664794922e-01
6.154318451881408691e-01
6.170303225517272949e-01
6.160151362419128418e-01
6.166136264801025391e-01
6.170378923416137695e-01
6.169393658638000488e-01
6.152727007865905762e-01
6.170075535774230957e-01
6.178030371665954590e-01
6.170378923416137695e-01
6.168030500411987305e-01
6.162878870964050293e-01
6.158333420753479004e-01
6.163787841796875000e-01
6.168030500411987305e-01
6.155378818511962891e-01
6.171136498451232910e-01
6.174242496490478516e-01
6.161363720893859863e-01
6.168030500411987305e-01
6.164848208427429199e-01
