1.292348504066467285e-01
2.813030183315277100e-01
3.301287889480590820e-01
3.809015154838562012e-01
4.357803165912628174e-01
4.510530233383178711e-01
4.658636450767517090e-01
4.769621193408966064e-01
4.802348613739013672e-01
4.871136248111724854e-01
4.929848611354827881e-01
4.973484873771667480e-01
5.008560419082641602e-01
5.047348737716674805e-01
5.071287751197814941e-01
5.099999904632568359e-01
5.118408799171447754e-01
5.151590704917907715e-01
5.183030366897583008e-01
5.209318399429321289e-01
5.238560438156127930e-01
5.255833268165588379e-01
5.280302762985229492e-01
5.281060338020324707e-01
5.305075645446777344e-01
5.326439142227172852e-01
5.342727303504943848e-01
5.347197055816650391e-01
5.368333458900451660e-01
5.373560786247253418e-01
5.380908846855163574e-01
5.386590957641601562e-01
5.398485064506530762e-01
5.419697165489196777e-01
5.412575602531433105e-01
5.428712368011474609e-01
5.441969633102416992e-01
5.453030467033386230e-01
5.455227494239807129e-01
5.462727546691894531e-01
5.455151796340942383e-01
5.477272868156433105e-01
5.481969714164733887e-01
5.488181710243225098e-01
5.528939366340637207e-01
5.536439418792724609e-01
5.550984740257263184e-01
5.554242134094238281e-01
5.547575950622558594e-01
5.552045702934265137e-01
5.573939681053161621e-01
5.584697127342224121e-01
5.578560829162597656e-01
5.585606098175048828e-01
5.579772591590881348e-01
5.583333373069763184e-01
5.586212277412414551e-01
5.602954626083374023e-01
5.603106021881103516e-01
5.608939528465270996e-01
5.603408813476562500e-01
5.609469413757324219e-01
5.603939294815063477e-01
5.604848265647888184e-01
5.603106021881103516e-01
5.607727169990539551e-01
5.614014863967895508e-01
5.612576007843017578e-01
5.606893897056579590e-01
5.608788132667541504e-01
5.624545216560363770e-01
5.615000128746032715e-01
5.620985031127929688e-01
5.607348680496215820e-01
5.628560781478881836e-01
5.613181591033935547e-01
5.621894001960754395e-01
5.633788108825683594e-01
5.623105764389038086e-01
5.617802739143371582e-01
5.624015331268310547e-01
5.624015331268310547e-01
5.630151629447937012e-01
5.633030533790588379e-01
5.625833272933959961e-01
5.630303025245666504e-01
5.641515254974365234e-01
5.633712410926818848e-01
5.633636116981506348e-01
5.631893873214721680e-01
5.637196898460388184e-01
5.621969699859619141e-01
5.632651448249816895e-01
5.628863573074340820e-01
5.632727146148681641e-01
5.631515383720397949e-01
5.635454654693603516e-01
5.630378723144531250e-01
5.633560419082641602e-01
5.645303130149841309e-01
5.635833144187927246e-01
5.630378723144531250e-01
5.639848709106445312e-01
5.638409256935119629e-01
5.640606284141540527e-01
5.639848709106445312e-01
5.631136298179626465e-01
5.628257393836975098e-01
5.634242296218872070e-01
5.639015436172485352e-01
5.628105998039245605e-01
5.638030171394348145e-01
5.635454654693603516e-01
5.631439685821533203e-01
5.637878775596618652e-01
5.637348294258117676e-01
5.629621148109436035e-01
5.635985136032104492e-01
5.643863677978515625e-01
5.633106231689453125e-01
5.637727379798889160e-01
5.639696717262268066e-01
5.631211996078491211e-01
5.638257861137390137e-01
5.638939142227172852e-01
5.645530223846435547e-01
5.633636116981506348e-01
5.637803077697753906e-01
5.629772543907165527e-01
5.636363625526428223e-01
5.640302896499633789e-01
5.634999871253967285e-01
5.633712410926818848e-01
5.635985136032104492e-01
5.636136531829833984e-01
5.638409256935119629e-01
5.637727379798889160e-01
