2.299618244171142578e+00
1.919853568077087402e+00
1.788316130638122559e+00
1.642758369445800781e+00
1.489201903343200684e+00
1.436784386634826660e+00
1.395502448081970215e+00
1.367499709129333496e+00
1.355108976364135742e+00
1.337735891342163086e+00
1.325508356094360352e+00
1.316457509994506836e+00
1.306621074676513672e+00
1.294878005981445312e+00
1.288679361343383789e+00
1.283968091011047363e+00
1.278362393379211426e+00
1.274240493774414062e+00
1.265432953834533691e+00
1.259147286415100098e+00
1.255028367042541504e+00
1.250028491020202637e+00
1.247124075889587402e+00
1.245764970779418945e+00
1.239096045494079590e+00
1.232301592826843262e+00
1.231364011764526367e+00
1.230203628540039062e+00
1.223874688148498535e+00
1.222090601921081543e+00
1.217333793640136719e+00
1.215887308120727539e+00
1.210712313652038574e+00
1.207729339599609375e+00
1.208498001098632812e+00
1.203781604766845703e+00
1.200603246688842773e+00
1.198662161827087402e+00
1.196560740470886230e+00
1.197616696357727051e+00
1.193129539489746094e+00
1.190762042999267578e+00
1.190039992332458496e+00
1.188501238822937012e+00
1.176336288452148438e+00
1.174659132957458496e+00
1.172476172447204590e+00
1.172829151153564453e+00
1.171673893928527832e+00
1.169608831405639648e+00
1.162775516510009766e+00
1.164954304695129395e+00
1.164153099060058594e+00
1.161907076835632324e+00
1.160894274711608887e+00
1.160878658294677734e+00
1.161401987075805664e+00
1.158792972564697266e+00
1.157425284385681152e+00
1.156136274337768555e+00
1.157103776931762695e+00
1.156398057937622070e+00
1.156080484390258789e+00
1.155807256698608398e+00
1.155559897422790527e+00
1.155424356460571289e+00
1.154995441436767578e+00
1.154840230941772461e+00
1.154114603996276855e+00
1.155654788017272949e+00
1.155905842781066895e+00
1.154260635375976562e+00
1.154186129570007324e+00
1.153662085533142090e+00
1.151493549346923828e+00
1.152062296867370605e+00
1.151505947113037109e+00
1.151266098022460938e+00
1.151105403900146484e+00
1.151355028152465820e+00
1.150647163391113281e+00
1.151121854782104492e+00
1.149170279502868652e+00
1.150146722793579102e+00
1.150382041931152344e+00
1.151010870933532715e+00
1.149375796318054199e+00
1.149119138717651367e+00
1.149943947792053223e+00
1.149732708930969238e+00
1.148924231529235840e+00
1.150518417358398438e+00
1.149305343627929688e+00
1.149672150611877441e+00
1.149321913719177246e+00
1.148330926895141602e+00
1.149350881576538086e+00
1.150108456611633301e+00
1.148566484451293945e+00
1.148598551750183105e+00
1.147942304611206055e+00
1.149789214134216309e+00
1.149154067039489746e+00
1.148859620094299316e+00
1.148917198181152344e+00
1.148736119270324707e+00
1.148771405220031738e+00
1.149078726768493652e+00
1.149289369583129883e+00
1.148887157440185547e+00
1.149095892906188965e+00
1.147022247314453125e+00
1.149905562400817871e+00
1.148470401763916016e+00
1.148295998573303223e+00
1.148830056190490723e+00
1.150681734085083008e+00
1.149124503135681152e+00
1.148018479347229004e+00
1.149224877357482910e+00
1.149160504341125488e+00
1.149034500122070312e+00
1.148922681808471680e+00
1.148332595825195312e+00
1.148471713066101074e+00
1.148338675498962402e+00
1.148093223571777344e+00
1.148766994476318359e+00
1.148975491523742676e+00
1.148920774459838867e+00
1.148402690887451172e+00
1.148833155632019043e+00
1.148341655731201172e+00
1.147758841514587402e+00
1.148755788803100586e+00
1.148845314979553223e+00
1.148515105247497559e+00
