2.398116350173950195e+00
2.398015737533569336e+00
2.398011922836303711e+00
2.397994518280029297e+00
2.397979259490966797e+00
2.397978067398071289e+00
2.397956371307373047e+00
2.397966384887695312e+00
2.397937774658203125e+00
2.397927999496459961e+00
2.397936344146728516e+00
2.397932767868041992e+00
2.397932052612304688e+00
2.397913455963134766e+00
2.397916078567504883e+00
2.397913455963134766e+00
2.397914409637451172e+00
2.397912979125976562e+00
2.397910594940185547e+00
2.397903919219970703e+00
2.397910118103027344e+00
2.397907018661499023e+00
2.397905588150024414e+00
2.397909402847290039e+00
2.397907733917236328e+00
2.397905111312866211e+00
2.397909164428710938e+00
2.397910594940185547e+00
2.397909402847290039e+00
2.397906780242919922e+00
2.397908210754394531e+00
2.397910356521606445e+00
2.397909164428710938e+00
2.397912740707397461e+00
2.397910594940185547e+00
2.397910833358764648e+00
2.397913217544555664e+00
2.397915363311767578e+00
2.397920846939086914e+00
2.397921800613403320e+00
2.397914648056030273e+00
2.397920608520507812e+00
2.397916793823242188e+00
2.397923707962036133e+00
2.397923946380615234e+00
2.397922992706298828e+00
2.397924184799194336e+00
2.397924184799194336e+00
