9.103219956159591675e-02
9.071969985961914062e-02
8.977462351322174072e-02
9.029545634984970093e-02
9.073673933744430542e-02
9.034848213195800781e-02
9.112878888845443726e-02
9.062121063470840454e-02
9.053787589073181152e-02
9.066666662693023682e-02
9.074242413043975830e-02
9.052462130784988403e-02
9.003219753503799438e-02
9.015530347824096680e-02
9.006249904632568359e-02
9.034280478954315186e-02
9.060416370630264282e-02
9.070643782615661621e-02
9.048674255609512329e-02
9.018749743700027466e-02
9.002841264009475708e-02
9.101515263319015503e-02
9.059280157089233398e-02
9.029734879732131958e-02
9.040909260511398315e-02
9.067992120981216431e-02
8.994697034358978271e-02
9.038446843624114990e-02
9.043939411640167236e-02
9.009090811014175415e-02
9.045264869928359985e-02
9.030492603778839111e-02
9.014772623777389526e-02
9.020643681287765503e-02
8.995833247900009155e-02
9.047348797321319580e-02
9.010606259107589722e-02
9.000568091869354248e-02
8.987499773502349854e-02
9.006818383932113647e-02
8.985038101673126221e-02
9.031439572572708130e-02
9.039773046970367432e-02
9.032386541366577148e-02
9.041856229305267334e-02
9.061363339424133301e-02
9.004924446344375610e-02
9.016477316617965698e-02
