1.933566331863403320e+00
1.500223994255065918e+00
1.414578437805175781e+00
1.378642797470092773e+00
1.351571440696716309e+00
1.334146142005920410e+00
1.321151852607727051e+00
1.307506322860717773e+00
1.289912939071655273e+00
1.273694515228271484e+00
1.263825058937072754e+00
1.254372119903564453e+00
1.241676926612854004e+00
1.239529252052307129e+00
1.230095386505126953e+00
1.223501443862915039e+00
1.214977383613586426e+00
1.207353830337524414e+00
1.201038956642150879e+00
1.193957090377807617e+00
1.187859654426574707e+00
1.182444453239440918e+00
1.177321672439575195e+00
1.171762108802795410e+00
1.171054363250732422e+00
1.164916038513183594e+00
1.157311797142028809e+00
1.153832435607910156e+00
1.149422526359558105e+00
1.147458910942077637e+00
1.141871333122253418e+00
1.133940458297729492e+00
1.132741212844848633e+00
1.114012598991394043e+00
1.109783649444580078e+00
1.107740998268127441e+00
1.105732798576354980e+00
1.103004455566406250e+00
1.101878881454467773e+00
1.091062188148498535e+00
1.088842391967773438e+00
1.085102796554565430e+00
1.084345936775207520e+00
1.083835482597351074e+00
1.080791950225830078e+00
1.080381274223327637e+00
1.080146193504333496e+00
1.078460097312927246e+00
1.080136418342590332e+00
1.075042486190795898e+00
1.074537515640258789e+00
1.073434114456176758e+00
1.072974324226379395e+00
1.071841716766357422e+00
1.069968700408935547e+00
1.064128041267395020e+00
1.063995718955993652e+00
1.063664555549621582e+00
1.061879873275756836e+00
1.061897397041320801e+00
1.062514066696166992e+00
1.062320709228515625e+00
1.061605334281921387e+00
1.059786677360534668e+00
1.058615565299987793e+00
1.058937549591064453e+00
1.058403491973876953e+00
1.058786273002624512e+00
1.058287739753723145e+00
1.056541204452514648e+00
1.054781913757324219e+00
1.052690744400024414e+00
1.053083658218383789e+00
1.051947712898254395e+00
1.053230881690979004e+00
1.051945567131042480e+00
1.052315950393676758e+00
1.051636338233947754e+00
1.051947116851806641e+00
1.050122737884521484e+00
1.049368381500244141e+00
1.049524664878845215e+00
1.049113392829895020e+00
1.049564123153686523e+00
1.047673702239990234e+00
1.047719836235046387e+00
1.046661496162414551e+00
1.046786904335021973e+00
1.048111438751220703e+00
1.046362876892089844e+00
1.047672033309936523e+00
1.045969247817993164e+00
1.047582745552062988e+00
1.046238780021667480e+00
1.046634912490844727e+00
1.046532034873962402e+00
1.046675086021423340e+00
1.046534776687622070e+00
1.046341657638549805e+00
1.047379612922668457e+00
1.046295166015625000e+00
1.046940326690673828e+00
1.046455264091491699e+00
1.047147035598754883e+00
