2.939924299716949463e-01
4.393787980079650879e-01
4.664469659328460693e-01
4.780909121036529541e-01
4.850681722164154053e-01
4.943408966064453125e-01
5.005682110786437988e-01
5.095303058624267578e-01
5.178636312484741211e-01
5.274166464805603027e-01
5.324848294258117676e-01
5.352651476860046387e-01
5.406818389892578125e-01
5.441060662269592285e-01
5.483333468437194824e-01
5.508787631988525391e-01
5.550075769424438477e-01
5.590378642082214355e-01
5.620075464248657227e-01
5.646212100982666016e-01
5.669848322868347168e-01
5.714318156242370605e-01
5.731136202812194824e-01
5.752348303794860840e-01
5.771515369415283203e-01
5.784166455268859863e-01
5.804620981216430664e-01
5.832045674324035645e-01
5.843257308006286621e-01
5.848863720893859863e-01
5.870000123977661133e-01
5.907575488090515137e-01
5.901363492012023926e-01
5.970833301544189453e-01
6.002954840660095215e-01
5.993560552597045898e-01
6.001439690589904785e-01
6.014318466186523438e-01
6.013030409812927246e-01
6.046742200851440430e-01
6.061893701553344727e-01
6.075000166893005371e-01
6.078030467033386230e-01
6.079621315002441406e-01
6.083030104637145996e-01
6.077424287796020508e-01
6.091287732124328613e-01
6.103636622428894043e-01
6.092348694801330566e-01
6.097727417945861816e-01
6.097424030303955078e-01
6.110606193542480469e-01
6.112045645713806152e-01
6.114394068717956543e-01
6.119848489761352539e-01
6.144393682479858398e-01
6.148484945297241211e-01
6.147727370262145996e-01
6.149091124534606934e-01
6.152197122573852539e-01
6.138333082199096680e-01
6.144697070121765137e-01
6.147272586822509766e-01
6.144015192985534668e-01
6.158636212348937988e-01
6.157878637313842773e-01
6.149242520332336426e-01
6.167727112770080566e-01
6.155378818511962891e-01
6.169545650482177734e-01
6.178333163261413574e-01
6.181212067604064941e-01
6.181363463401794434e-01
6.178863644599914551e-01
6.181060671806335449e-01
6.185757517814636230e-01
6.183182001113891602e-01
6.190984845161437988e-01
6.178484559059143066e-01
6.186363697052001953e-01
6.184999942779541016e-01
6.200302839279174805e-01
6.193333268165588379e-01
6.184393763542175293e-01
6.197878718376159668e-01
6.205151677131652832e-01
6.202954649925231934e-01
6.200227141380310059e-01
6.195605993270874023e-01
6.200681924819946289e-01
6.191515326499938965e-01
6.198333501815795898e-01
6.197424530982971191e-01
6.205378770828247070e-01
6.200378537178039551e-01
6.209090948104858398e-01
6.203333139419555664e-01
6.203863620758056641e-01
6.208484768867492676e-01
6.193484663963317871e-01
6.208939552307128906e-01
6.196666955947875977e-01
6.199393868446350098e-01
6.196060776710510254e-01
