2.397959709167480469e+00
2.397945880889892578e+00
2.397943496704101562e+00
2.397939205169677734e+00
2.397938251495361328e+00
2.397948980331420898e+00
2.397919416427612305e+00
2.397922277450561523e+00
2.397918939590454102e+00
2.397918462753295898e+00
2.397921562194824219e+00
2.397912740707397461e+00
2.397913932800292969e+00
2.397913694381713867e+00
2.397908687591552734e+00
2.397909641265869141e+00
2.397908449172973633e+00
2.397911310195922852e+00
2.397908210754394531e+00
2.397910356521606445e+00
2.397909641265869141e+00
2.397906780242919922e+00
2.397908687591552734e+00
2.397910594940185547e+00
2.397908687591552734e+00
2.397908687591552734e+00
2.397913217544555664e+00
2.397908926010131836e+00
2.397912979125976562e+00
2.397911548614501953e+00
2.397909879684448242e+00
2.397917032241821289e+00
2.397917747497558594e+00
2.397915124893188477e+00
2.397914409637451172e+00
2.397913455963134766e+00
2.397919654846191406e+00
