9.034091234207153320e-02
9.018939733505249023e-02
9.027083218097686768e-02
9.080871194601058960e-02
9.072726964950561523e-02
8.984848856925964355e-02
8.989015221595764160e-02
9.024810791015625000e-02
9.063636511564254761e-02
9.073673933744430542e-02
9.055871516466140747e-02
9.057765454053878784e-02
9.029734879732131958e-02
9.044697135686874390e-02
9.058333188295364380e-02
9.055303037166595459e-02
9.029166400432586670e-02
9.008523076772689819e-02
9.075947105884552002e-02
9.037310630083084106e-02
9.011931717395782471e-02
9.035605937242507935e-02
9.023674577474594116e-02
8.971590548753738403e-02
9.002841264009475708e-02
9.002841264009475708e-02
9.017045795917510986e-02
9.036363661289215088e-02
9.018939733505249023e-02
9.000189602375030518e-02
9.015719592571258545e-02
8.971969783306121826e-02
8.951136469841003418e-02
8.988068252801895142e-02
9.014204889535903931e-02
8.996969461441040039e-02
9.017424285411834717e-02
