2.030030250549316406e+00
1.669588565826416016e+00
1.553149223327636719e+00
1.437751054763793945e+00
1.382738113403320312e+00
1.355335593223571777e+00
1.339004278182983398e+00
1.320332288742065430e+00
1.307731866836547852e+00
1.297370791435241699e+00
1.287320852279663086e+00
1.280186772346496582e+00
1.272317290306091309e+00
1.266710638999938965e+00
1.260136842727661133e+00
1.254240632057189941e+00
1.248663663864135742e+00
1.243549108505249023e+00
1.238122105598449707e+00
1.232777118682861328e+00
1.224504470825195312e+00
1.222968697547912598e+00
1.217399001121520996e+00
1.214200973510742188e+00
1.208483815193176270e+00
1.203926801681518555e+00
1.203055500984191895e+00
1.198010921478271484e+00
1.193540811538696289e+00
1.192674160003662109e+00
1.187859177589416504e+00
1.183758139610290527e+00
1.181077718734741211e+00
1.180102944374084473e+00
1.176430821418762207e+00
1.173130512237548828e+00
1.169977426528930664e+00
1.166756629943847656e+00
1.160210251808166504e+00
1.154511690139770508e+00
1.151522517204284668e+00
1.148073077201843262e+00
1.148891091346740723e+00
1.146372914314270020e+00
1.143020868301391602e+00
1.141481757164001465e+00
1.140175223350524902e+00
1.139697670936584473e+00
1.137197136878967285e+00
1.136928439140319824e+00
1.136737942695617676e+00
1.132706880569458008e+00
1.127381682395935059e+00
1.128953456878662109e+00
1.121829032897949219e+00
1.120164632797241211e+00
1.119028925895690918e+00
1.117297530174255371e+00
1.119135499000549316e+00
1.115733981132507324e+00
1.113880276679992676e+00
1.114598631858825684e+00
1.112217307090759277e+00
1.113007307052612305e+00
1.111809372901916504e+00
1.113018631935119629e+00
1.110581636428833008e+00
1.107531189918518066e+00
1.109768509864807129e+00
1.106640815734863281e+00
1.109567403793334961e+00
1.106450557708740234e+00
1.105786561965942383e+00
1.106879830360412598e+00
1.105227351188659668e+00
1.105814337730407715e+00
1.106498718261718750e+00
1.107444047927856445e+00
1.103233814239501953e+00
1.105578541755676270e+00
1.106928944587707520e+00
1.105724573135375977e+00
1.105965852737426758e+00
1.105377435684204102e+00
1.105137944221496582e+00
1.105592966079711914e+00
1.104599237442016602e+00
1.105313062667846680e+00
1.106377243995666504e+00
1.104627370834350586e+00
1.104563951492309570e+00
1.104427814483642578e+00
1.104298114776611328e+00
1.105870604515075684e+00
1.105844497680664062e+00
1.103980541229248047e+00
1.102964401245117188e+00
1.105227112770080566e+00
1.103347778320312500e+00
1.103454232215881348e+00
1.103821158409118652e+00
1.105487465858459473e+00
1.103410005569458008e+00
1.104778528213500977e+00
1.105077862739562988e+00
1.105400800704956055e+00
1.106179356575012207e+00
1.103482007980346680e+00
1.104600191116333008e+00
1.103124499320983887e+00
1.104624032974243164e+00
