2.396363615989685059e-01
3.602121174335479736e-01
4.014318287372589111e-01
4.458787739276885986e-01
4.658863544464111328e-01
4.744848608970642090e-01
4.809924364089965820e-01
4.863560497760772705e-01
4.908409118652343750e-01
4.950605928897857666e-01
4.968863725662231445e-01
5.014924407005310059e-01
5.031969547271728516e-01
5.046969652175903320e-01
5.088711977005004883e-01
5.119772553443908691e-01
5.139393806457519531e-01
5.156818032264709473e-01
5.185151696205139160e-01
5.219924449920654297e-01
5.259242653846740723e-01
5.267196893692016602e-01
5.304242372512817383e-01
5.302196741104125977e-01
5.316969752311706543e-01
5.351818203926086426e-01
5.363106131553649902e-01
5.378484725952148438e-01
5.400378704071044922e-01
5.402802824974060059e-01
5.410000085830688477e-01
5.444924235343933105e-01
5.451666712760925293e-01
5.461212396621704102e-01
5.484545230865478516e-01
5.498712062835693359e-01
5.506287813186645508e-01
5.522878766059875488e-01
5.561212301254272461e-01
5.570151805877685547e-01
5.596287846565246582e-01
5.605530142784118652e-01
5.614091157913208008e-01
5.625530481338500977e-01
5.634393692016601562e-01
5.636894106864929199e-01
5.660757422447204590e-01
5.655605792999267578e-01
5.671212077140808105e-01
5.666211843490600586e-01
5.675908923149108887e-01
5.686212182044982910e-01
5.709999799728393555e-01
5.709242224693298340e-01
5.720757842063903809e-01
5.725075602531433105e-01
5.729469656944274902e-01
5.752878785133361816e-01
5.745151638984680176e-01
5.757424235343933105e-01
5.766969919204711914e-01
5.772500038146972656e-01
5.768787860870361328e-01
5.776515007019042969e-01
5.788106322288513184e-01
5.771591067314147949e-01
5.775075554847717285e-01
5.789166688919067383e-01
5.784394145011901855e-01
5.803030133247375488e-01
5.795833468437194824e-01
5.792499780654907227e-01
5.791894197463989258e-01
5.815681815147399902e-01
5.813181996345520020e-01
5.800303220748901367e-01
5.802878737449645996e-01
5.800833106040954590e-01
5.809242129325866699e-01
5.802803039550781250e-01
5.802500247955322266e-01
5.797272920608520508e-01
5.800454616546630859e-01
5.791817903518676758e-01
5.813484787940979004e-01
5.813560485839843750e-01
5.806818008422851562e-01
5.814015269279479980e-01
5.796136260032653809e-01
5.819924473762512207e-01
5.801439285278320312e-01
5.820302963256835938e-01
5.822197198867797852e-01
5.804545283317565918e-01
5.812954306602478027e-01
5.810227394104003906e-01
5.824621319770812988e-01
5.809166431427001953e-01
5.824394226074218750e-01
5.807954668998718262e-01
5.810530185699462891e-01
5.805530548095703125e-01
5.799697041511535645e-01
5.805984735488891602e-01
5.804393887519836426e-01
5.814924240112304688e-01
5.799697041511535645e-01
5.817651748657226562e-01
5.806363821029663086e-01
5.805227160453796387e-01
5.808408856391906738e-01
