2.571212053298950195e-01
3.447954654693603516e-01
3.886363506317138672e-01
4.272954463958740234e-01
4.427045583724975586e-01
4.528408944606781006e-01
4.625454545021057129e-01
4.677272737026214600e-01
4.723787903785705566e-01
4.757499992847442627e-01
4.816893935203552246e-01
4.848863780498504639e-01
4.887575805187225342e-01
4.908409118652343750e-01
4.947727322578430176e-01
4.987196922302246094e-01
4.993181824684143066e-01
5.008030533790588379e-01
5.032802820205688477e-01
5.073181986808776855e-01
5.084999799728393555e-01
5.102045536041259766e-01
5.113333463668823242e-01
5.129848718643188477e-01
5.139772891998291016e-01
5.165379047393798828e-01
5.180530548095703125e-01
5.204015374183654785e-01
5.208560824394226074e-01
5.235378742218017578e-01
5.248333215713500977e-01
5.266363620758056641e-01
5.274469852447509766e-01
5.284242630004882812e-01
5.299848318099975586e-01
5.305606126785278320e-01
5.396515130996704102e-01
5.395227074623107910e-01
5.406212210655212402e-01
5.427878499031066895e-01
5.428257584571838379e-01
5.433409214019775391e-01
5.458636283874511719e-01
5.456287860870361328e-01
5.461363792419433594e-01
5.478030443191528320e-01
5.456439256668090820e-01
5.498939156532287598e-01
5.486060380935668945e-01
5.526363849639892578e-01
5.555757284164428711e-01
5.548636317253112793e-01
5.562045574188232422e-01
5.574772953987121582e-01
5.581818222999572754e-01
5.577878952026367188e-01
5.566591024398803711e-01
5.568030476570129395e-01
5.590151548385620117e-01
5.620681643486022949e-01
5.619848370552062988e-01
5.633409023284912109e-01
5.639469623565673828e-01
5.639318227767944336e-01
5.633181929588317871e-01
5.638484954833984375e-01
5.657348632812500000e-01
5.655303001403808594e-01
5.652045607566833496e-01
5.646287798881530762e-01
5.647272467613220215e-01
5.662045478820800781e-01
5.677196979522705078e-01
5.676515102386474609e-01
5.686514973640441895e-01
5.675908923149108887e-01
5.661590695381164551e-01
5.658257603645324707e-01
5.669015049934387207e-01
5.676363706588745117e-01
5.681818127632141113e-01
5.678787827491760254e-01
5.669166445732116699e-01
5.689166784286499023e-01
5.669090747833251953e-01
5.662954449653625488e-01
5.681893825531005859e-01
5.671818256378173828e-01
5.675833225250244141e-01
5.690302848815917969e-01
5.690909028053283691e-01
5.679545402526855469e-01
5.672424435615539551e-01
5.677575469017028809e-01
5.666439533233642578e-01
5.673636198043823242e-01
5.684697031974792480e-01
5.672196745872497559e-01
5.669090747833251953e-01
5.694318413734436035e-01
5.674697160720825195e-01
5.689697265625000000e-01
5.676288008689880371e-01
5.683939456939697266e-01
5.683333277702331543e-01
5.682348608970642090e-01
5.675530433654785156e-01
5.672878623008728027e-01
5.683939456939697266e-01
5.676136612892150879e-01
