2.000835895538330078e+00
1.711818218231201172e+00
1.596249938011169434e+00
1.497147798538208008e+00
1.452983260154724121e+00
1.419516444206237793e+00
1.393642783164978027e+00
1.380563616752624512e+00
1.360796809196472168e+00
1.345596671104431152e+00
1.337836265563964844e+00
1.327799439430236816e+00
1.314736485481262207e+00
1.308400988578796387e+00
1.297573089599609375e+00
1.288460373878479004e+00
1.281553864479064941e+00
1.278406381607055664e+00
1.273519873619079590e+00
1.262610673904418945e+00
1.257433652877807617e+00
1.251804590225219727e+00
1.245311498641967773e+00
1.243728399276733398e+00
1.237807035446166992e+00
1.234425067901611328e+00
1.227346062660217285e+00
1.225529074668884277e+00
1.217566251754760742e+00
1.215196251869201660e+00
1.207453012466430664e+00
1.206713795661926270e+00
1.198758721351623535e+00
1.198501110076904297e+00
1.195430278778076172e+00
1.190946698188781738e+00
1.166835188865661621e+00
1.164254546165466309e+00
1.161177754402160645e+00
1.157204866409301758e+00
1.153135538101196289e+00
1.153625130653381348e+00
1.147689104080200195e+00
1.146783232688903809e+00
1.144020080566406250e+00
1.142930150032043457e+00
1.139774918556213379e+00
1.133094787597656250e+00
1.135033011436462402e+00
1.124143838882446289e+00
1.118242144584655762e+00
1.116046667098999023e+00
1.115124821662902832e+00
1.112899065017700195e+00
1.113503813743591309e+00
1.111660122871398926e+00
1.109326958656311035e+00
1.106593728065490723e+00
1.109237074851989746e+00
1.101364612579345703e+00
1.098960041999816895e+00
1.095493435859680176e+00
1.094793319702148438e+00
1.095053553581237793e+00
1.095723152160644531e+00
1.093967914581298828e+00
1.090258359909057617e+00
1.092560529708862305e+00
1.092558026313781738e+00
1.093145847320556641e+00
1.089222192764282227e+00
1.087689518928527832e+00
1.088485240936279297e+00
1.087277531623840332e+00
1.086532831192016602e+00
1.086399197578430176e+00
1.086670398712158203e+00
1.090486288070678711e+00
1.088004708290100098e+00
1.085210561752319336e+00
1.086678624153137207e+00
1.086932301521301270e+00
1.085862398147583008e+00
1.087512850761413574e+00
1.088397979736328125e+00
1.086664199829101562e+00
1.084628820419311523e+00
1.085960745811462402e+00
1.087398648262023926e+00
1.085125565528869629e+00
1.084519386291503906e+00
1.085767745971679688e+00
1.086018562316894531e+00
1.082716941833496094e+00
1.084058761596679688e+00
1.084794759750366211e+00
1.084452152252197266e+00
1.086723208427429199e+00
1.085633277893066406e+00
1.083127379417419434e+00
1.086469650268554688e+00
1.082864522933959961e+00
1.084720849990844727e+00
1.084777235984802246e+00
1.083862662315368652e+00
1.086406826972961426e+00
1.086320519447326660e+00
1.085545539855957031e+00
1.085889816284179688e+00
1.085865616798400879e+00
