2.461783647537231445e+00
1.861603260040283203e+00
1.731585621833801270e+00
1.602134346961975098e+00
1.526037096977233887e+00
1.476347565650939941e+00
1.451091170310974121e+00
1.425658702850341797e+00
1.410803318023681641e+00
1.400707125663757324e+00
1.386294245719909668e+00
1.385864973068237305e+00
1.374197006225585938e+00
1.369718909263610840e+00
1.362667322158813477e+00
1.359860777854919434e+00
1.352083444595336914e+00
1.352244019508361816e+00
1.346144914627075195e+00
1.338917255401611328e+00
1.335304021835327148e+00
1.329865336418151855e+00
1.325271248817443848e+00
1.323682427406311035e+00
1.316438674926757812e+00
1.313508629798889160e+00
1.307389855384826660e+00
1.306074142456054688e+00
1.293696880340576172e+00
1.292996883392333984e+00
1.286000967025756836e+00
1.282893538475036621e+00
1.280559420585632324e+00
1.277792334556579590e+00
1.271439194679260254e+00
1.270993471145629883e+00
1.269057273864746094e+00
1.267380475997924805e+00
1.265864729881286621e+00
1.262108325958251953e+00
1.257945299148559570e+00
1.254063844680786133e+00
1.253553152084350586e+00
1.254212379455566406e+00
1.252126574516296387e+00
1.249123811721801758e+00
1.247224926948547363e+00
1.244809627532958984e+00
1.243483424186706543e+00
1.239358186721801758e+00
1.241401076316833496e+00
1.236693620681762695e+00
1.233091950416564941e+00
1.234479784965515137e+00
1.232710480690002441e+00
1.231801867485046387e+00
1.229054093360900879e+00
1.227926611900329590e+00
1.211607933044433594e+00
1.209990262985229492e+00
1.209423184394836426e+00
1.211217045783996582e+00
1.206734299659729004e+00
1.206957578659057617e+00
1.206334233283996582e+00
1.204908132553100586e+00
1.204518795013427734e+00
1.202150940895080566e+00
1.201629281044006348e+00
1.200583338737487793e+00
1.200683951377868652e+00
1.198830127716064453e+00
1.192327499389648438e+00
1.190027356147766113e+00
1.190233826637268066e+00
1.189678668975830078e+00
1.188539862632751465e+00
1.185487508773803711e+00
1.182379126548767090e+00
1.184373617172241211e+00
1.183706045150756836e+00
1.182192921638488770e+00
1.183671116828918457e+00
1.182891130447387695e+00
1.182741284370422363e+00
1.181594371795654297e+00
1.182159304618835449e+00
1.181594729423522949e+00
1.179967164993286133e+00
1.180333375930786133e+00
1.180273771286010742e+00
1.179525852203369141e+00
1.178767561912536621e+00
1.178402543067932129e+00
1.176690936088562012e+00
1.178282856941223145e+00
1.175927519798278809e+00
1.176619291305541992e+00
1.175844788551330566e+00
1.177408695220947266e+00
1.174796819686889648e+00
1.175927758216857910e+00
1.174782872200012207e+00
1.175208568572998047e+00
1.174341440200805664e+00
1.175661802291870117e+00
1.173220157623291016e+00
1.174402952194213867e+00
1.174543857574462891e+00
1.173349022865295410e+00
1.173306107521057129e+00
1.174933552742004395e+00
1.173056483268737793e+00
1.173521757125854492e+00
1.174053072929382324e+00
1.174212455749511719e+00
1.173716425895690918e+00
1.172000885009765625e+00
1.174261331558227539e+00
1.173676490783691406e+00
1.172208309173583984e+00
1.173905730247497559e+00
1.174513697624206543e+00
1.174034118652343750e+00
1.172882199287414551e+00
1.174098610877990723e+00
1.173165440559387207e+00
1.172750592231750488e+00
1.172766685485839844e+00
1.174106955528259277e+00
1.172605037689208984e+00
1.173660755157470703e+00
1.174729943275451660e+00
1.172767639160156250e+00
1.172518849372863770e+00
1.172224998474121094e+00
1.173669695854187012e+00
1.172610163688659668e+00
1.172103762626647949e+00
1.172811985015869141e+00
1.173457384109497070e+00
