1.680151522159576416e-01
3.039545416831970215e-01
3.545681834220886230e-01
4.006515145301818848e-01
4.273106157779693604e-01
4.437499940395355225e-01
4.505530297756195068e-01
4.577575623989105225e-01
4.627121090888977051e-01
4.660151600837707520e-01
4.690909087657928467e-01
4.699545502662658691e-01
4.751515090465545654e-01
4.784848392009735107e-01
4.792651534080505371e-01
4.796590805053710938e-01
4.825302958488464355e-01
4.838863611221313477e-01
4.875075817108154297e-01
4.913636445999145508e-01
4.941666722297668457e-01
4.974848628044128418e-01
5.008863806724548340e-01
5.009848475456237793e-01
5.048182010650634766e-01
5.073636174201965332e-01
5.092499852180480957e-01
5.117803215980529785e-01
5.166439414024353027e-01
5.169166922569274902e-01
5.214242339134216309e-01
5.214393734931945801e-01
5.232878923416137695e-01
5.239090919494628906e-01
5.285833477973937988e-01
5.257878899574279785e-01
5.266060829162597656e-01
5.263788104057312012e-01
5.280606150627136230e-01
5.319318175315856934e-01
5.304848551750183105e-01
5.334166884422302246e-01
5.333787798881530762e-01
5.319318175315856934e-01
5.328788161277770996e-01
5.332803130149841309e-01
5.339697003364562988e-01
5.365757346153259277e-01
5.358409285545349121e-01
5.380075573921203613e-01
5.376818180084228516e-01
5.390303134918212891e-01
5.403712391853332520e-01
5.384848713874816895e-01
5.390530228614807129e-01
5.408787727355957031e-01
5.398863554000854492e-01
5.429317951202392578e-01
5.480985045433044434e-01
5.485606193542480469e-01
5.480075478553771973e-01
5.476666688919067383e-01
5.485454797744750977e-01
5.484924316406250000e-01
5.488712191581726074e-01
5.494090914726257324e-01
5.502121448516845703e-01
5.506666898727416992e-01
5.509848594665527344e-01
5.514772534370422363e-01
5.504318475723266602e-01
5.523939132690429688e-01
5.554166436195373535e-01
5.565454363822937012e-01
5.561515092849731445e-01
5.573484897613525391e-01
5.571439266204833984e-01
5.577272772789001465e-01
5.587878823280334473e-01
5.586969852447509766e-01
5.589621067047119141e-01
5.597954392433166504e-01
5.586212277412414551e-01
5.579242706298828125e-01
5.595985054969787598e-01
5.604242682456970215e-01
5.592651367187500000e-01
5.601590871810913086e-01
5.606287717819213867e-01
5.610606074333190918e-01
5.607045292854309082e-01
5.607727169990539551e-01
5.613484978675842285e-01
5.614848732948303223e-01
5.620530247688293457e-01
5.620605945587158203e-01
5.629469752311706543e-01
5.627803206443786621e-01
5.630530118942260742e-01
5.628333091735839844e-01
5.642272830009460449e-01
5.633939504623413086e-01
5.635833144187927246e-01
5.631136298179626465e-01
5.635530352592468262e-01
5.645151734352111816e-01
5.635985136032104492e-01
5.641590952873229980e-01
5.633484721183776855e-01
5.645227432250976562e-01
5.647121071815490723e-01
5.636212229728698730e-01
5.637196898460388184e-01
5.650681853294372559e-01
5.637196898460388184e-01
5.641136169433593750e-01
5.647500157356262207e-01
5.657348632812500000e-01
5.639773011207580566e-01
5.650833249092102051e-01
5.649091005325317383e-01
5.658712387084960938e-01
5.649697184562683105e-01
5.642121434211730957e-01
5.655303001403808594e-01
5.648560523986816406e-01
5.642348527908325195e-01
5.639091134071350098e-01
5.646212100982666016e-01
5.653030276298522949e-01
5.649848580360412598e-01
5.644621253013610840e-01
5.642727017402648926e-01
5.654696822166442871e-01
5.653636455535888672e-01
5.640378594398498535e-01
5.644924044609069824e-01
5.653257369995117188e-01
5.656515359878540039e-01
5.647727251052856445e-01
5.648030042648315430e-01
