1.989430189132690430e+00
1.663084506988525391e+00
1.551586985588073730e+00
1.479200005531311035e+00
1.388108253479003906e+00
1.276587247848510742e+00
1.238532543182373047e+00
1.221780300140380859e+00
1.209755778312683105e+00
1.202566146850585938e+00
1.195414900779724121e+00
1.183646321296691895e+00
1.165486931800842285e+00
1.144337177276611328e+00
1.132106065750122070e+00
1.119725108146667480e+00
1.108219265937805176e+00
1.094958901405334473e+00
1.082646965980529785e+00
1.069475531578063965e+00
1.055992364883422852e+00
1.042792201042175293e+00
1.028664588928222656e+00
1.015995621681213379e+00
1.003891110420227051e+00
9.932693243026733398e-01
9.824053049087524414e-01
9.724081754684448242e-01
9.625579118728637695e-01
9.534346461296081543e-01
9.442796111106872559e-01
9.365276694297790527e-01
9.278503060340881348e-01
9.199177622795104980e-01
9.138430356979370117e-01
9.055613279342651367e-01
8.985515236854553223e-01
8.930491805076599121e-01
8.861456513404846191e-01
8.799248337745666504e-01
8.740525841712951660e-01
8.317453861236572266e-01
8.223594427108764648e-01
8.150165081024169922e-01
8.093693852424621582e-01
8.045700192451477051e-01
7.770658731460571289e-01
7.701422572135925293e-01
7.656550407409667969e-01
7.612808346748352051e-01
7.573521137237548828e-01
7.405935525894165039e-01
7.363806366920471191e-01
7.334188818931579590e-01
7.308580875396728516e-01
7.284879088401794434e-01
7.185513973236083984e-01
7.162525057792663574e-01
7.148182988166809082e-01
7.132539153099060059e-01
7.118220925331115723e-01
7.064295411109924316e-01
7.052586078643798828e-01
7.044197320938110352e-01
7.036147713661193848e-01
7.029187083244323730e-01
