2.491174191236495972e-01
3.454640209674835205e-01
3.874488770961761475e-01
4.253844618797302246e-01
4.750738739967346191e-01
5.233371257781982422e-01
5.369961857795715332e-01
5.444223284721374512e-01
5.499337315559387207e-01
5.533484816551208496e-01
5.570700764656066895e-01
5.633636116981506348e-01
5.775018930435180664e-01
5.889545679092407227e-01
5.943276286125183105e-01
5.993579626083374023e-01
6.040359735488891602e-01
6.087689399719238281e-01
6.131344437599182129e-01
6.175075769424438477e-01
6.216250061988830566e-01
6.259526610374450684e-01
6.304754018783569336e-01
6.341420412063598633e-01
6.380302906036376953e-01
6.410624980926513672e-01
6.439337134361267090e-01
6.471382379531860352e-01
6.494564414024353027e-01
6.523977518081665039e-01
6.552916765213012695e-01
6.574886441230773926e-01
6.598295569419860840e-01
6.623579263687133789e-01
6.642045378684997559e-01
6.666136384010314941e-01
6.694621443748474121e-01
6.706647872924804688e-01
6.723750233650207520e-01
6.744602322578430176e-01
6.763446927070617676e-01
6.898370981216430664e-01
6.927878856658935547e-01
6.957840919494628906e-01
6.974772810935974121e-01
6.988693475723266602e-01
7.077500224113464355e-01
7.097954750061035156e-01
7.117462158203125000e-01
7.131590843200683594e-01
7.146098613739013672e-01
7.203314304351806641e-01
7.216609716415405273e-01
7.227272987365722656e-01
7.237405180931091309e-01
7.243390083312988281e-01
7.280284166336059570e-01
7.285909056663513184e-01
7.290132641792297363e-01
7.296704649925231934e-01
7.302538156509399414e-01
7.318901419639587402e-01
7.323068380355834961e-01
7.327291369438171387e-01
7.328617572784423828e-01
7.333920598030090332e-01
