2.048636376857757568e-01
3.572500050067901611e-01
4.257499873638153076e-01
4.557424187660217285e-01
4.689772725105285645e-01
4.819621145725250244e-01
4.864621162414550781e-01
4.920075833797454834e-01
4.998712241649627686e-01
5.022045373916625977e-01
5.055227279663085938e-01
5.082802772521972656e-01
5.103712081909179688e-01
5.155984759330749512e-01
5.148636102676391602e-01
5.195227265357971191e-01
5.229772925376892090e-01
5.245000123977661133e-01
5.275681614875793457e-01
5.293030142784118652e-01
5.312651395797729492e-01
5.321893692016601562e-01
5.361742377281188965e-01
5.385227203369140625e-01
5.390227437019348145e-01
5.407954454421997070e-01
5.405681729316711426e-01
5.432575941085815430e-01
5.460302829742431641e-01
5.469545722007751465e-01
5.478484630584716797e-01
5.498030185699462891e-01
5.502424240112304688e-01
5.516363382339477539e-01
5.537803173065185547e-01
5.551666617393493652e-01
5.564924478530883789e-01
5.551666617393493652e-01
5.577424168586730957e-01
5.566211938858032227e-01
5.593939423561096191e-01
5.620075464248657227e-01
5.632045269012451172e-01
5.636894106864929199e-01
5.648560523986816406e-01
5.680454373359680176e-01
5.752424001693725586e-01
5.768257379531860352e-01
5.780530571937561035e-01
5.798333287239074707e-01
5.795833468437194824e-01
5.812802910804748535e-01
5.814393758773803711e-01
5.888863801956176758e-01
5.890833139419555664e-01
5.898333191871643066e-01
5.894015431404113770e-01
5.917121171951293945e-01
5.945075750350952148e-01
5.953181982040405273e-01
5.963408946990966797e-01
5.959848761558532715e-01
5.967500209808349609e-01
5.988030433654785156e-01
5.989924073219299316e-01
5.995530486106872559e-01
5.993257761001586914e-01
6.002045273780822754e-01
6.008105874061584473e-01
6.011136174201965332e-01
6.009166836738586426e-01
6.011439561843872070e-01
6.022954583168029785e-01
6.014545559883117676e-01
6.023257374763488770e-01
6.018257737159729004e-01
6.027954816818237305e-01
6.018939614295959473e-01
