2.129656553268432617e+00
1.740239262580871582e+00
1.542057633399963379e+00
1.448940992355346680e+00
1.404634475708007812e+00
1.363434314727783203e+00
1.347107529640197754e+00
1.327402710914611816e+00
1.310381054878234863e+00
1.305770874023437500e+00
1.292971134185791016e+00
1.289673209190368652e+00
1.279557824134826660e+00
1.270239472389221191e+00
1.273169994354248047e+00
1.259392857551574707e+00
1.254197001457214355e+00
1.252085447311401367e+00
1.244847893714904785e+00
1.241461992263793945e+00
1.239347577095031738e+00
1.237077236175537109e+00
1.229423522949218750e+00
1.223778963088989258e+00
1.221190690994262695e+00
1.215745687484741211e+00
1.217613458633422852e+00
1.211402058601379395e+00
1.204659581184387207e+00
1.203086972236633301e+00
1.200642943382263184e+00
1.197847127914428711e+00
1.193532705307006836e+00
1.191388368606567383e+00
1.182557821273803711e+00
1.183354020118713379e+00
1.178913593292236328e+00
1.180352330207824707e+00
1.174674153327941895e+00
1.175985693931579590e+00
1.171056985855102539e+00
1.165015459060668945e+00
1.161143898963928223e+00
1.160103797912597656e+00
1.156701207160949707e+00
1.150786638259887695e+00
1.128208518028259277e+00
1.124601840972900391e+00
1.120137929916381836e+00
1.118548154830932617e+00
1.116242885589599609e+00
1.113995552062988281e+00
1.112347126007080078e+00
1.095006346702575684e+00
1.091611266136169434e+00
1.089759707450866699e+00
1.090149998664855957e+00
1.085585713386535645e+00
1.078149557113647461e+00
1.075560450553894043e+00
1.074919700622558594e+00
1.074216604232788086e+00
1.072421312332153320e+00
1.067730545997619629e+00
1.066508531570434570e+00
1.065216302871704102e+00
1.065318822860717773e+00
1.063905715942382812e+00
1.061755895614624023e+00
1.060493588447570801e+00
1.060323119163513184e+00
1.060271263122558594e+00
1.059476971626281738e+00
1.058499455451965332e+00
1.058221340179443359e+00
1.058504939079284668e+00
1.057256937026977539e+00
1.057445645332336426e+00
