1.892121285200119019e-01
3.923712074756622314e-01
4.527045488357543945e-01
4.765075743198394775e-01
4.924545586109161377e-01
4.980984926223754883e-01
5.054696798324584961e-01
5.115000009536743164e-01
5.159166455268859863e-01
5.179015398025512695e-01
5.198030471801757812e-01
5.224848389625549316e-01
5.230378508567810059e-01
5.254242420196533203e-01
5.267423987388610840e-01
5.287651419639587402e-01
5.294469594955444336e-01
5.323181748390197754e-01
5.319772958755493164e-01
5.324545502662658691e-01
5.344242453575134277e-01
5.355075597763061523e-01
5.388257503509521484e-01
5.381894111633300781e-01
5.392196774482727051e-01
5.390530228614807129e-01
5.411969423294067383e-01
5.404848456382751465e-01
5.413939356803894043e-01
5.430151224136352539e-01
5.459318161010742188e-01
5.472272634506225586e-01
5.479242205619812012e-01
5.484620928764343262e-01
5.480985045433044434e-01
5.493409037590026855e-01
5.487499833106994629e-01
5.495075583457946777e-01
5.513030290603637695e-01
5.531818270683288574e-01
5.537272691726684570e-01
5.534772872924804688e-01
5.554469823837280273e-01
5.535227060317993164e-01
5.548105835914611816e-01
5.558333396911621094e-01
5.559697151184082031e-01
5.546969771385192871e-01
5.553030371665954590e-01
5.557651519775390625e-01
5.551211833953857422e-01
5.569924116134643555e-01
5.557954311370849609e-01
5.557954311370849609e-01
5.568257570266723633e-01
5.578181743621826172e-01
5.574318170547485352e-01
5.571514964103698730e-01
5.583636164665222168e-01
5.576288104057312012e-01
5.581742525100708008e-01
5.590227246284484863e-01
5.591363906860351562e-01
5.602045655250549316e-01
5.600833296775817871e-01
5.589318275451660156e-01
5.599620938301086426e-01
5.616515278816223145e-01
5.606893897056579590e-01
5.611666440963745117e-01
5.618484616279602051e-01
5.613105893135070801e-01
5.614621043205261230e-01
5.606818199157714844e-01
5.610303282737731934e-01
5.619545578956604004e-01
5.617424249649047852e-01
5.620454549789428711e-01
5.607045292854309082e-01
5.623333454132080078e-01
5.625302791595458984e-01
5.616742372512817383e-01
5.610606074333190918e-01
5.630454421043395996e-01
5.619469881057739258e-01
5.613712072372436523e-01
