2.171196460723876953e+00
1.629078388214111328e+00
1.455663204193115234e+00
1.389413714408874512e+00
1.347798705101013184e+00
1.327849626541137695e+00
1.311565756797790527e+00
1.301609039306640625e+00
1.288421034812927246e+00
1.280235290527343750e+00
1.276713609695434570e+00
1.270380377769470215e+00
1.264697074890136719e+00
1.260975122451782227e+00
1.255202651023864746e+00
1.250045537948608398e+00
1.247804522514343262e+00
1.243343114852905273e+00
1.241202235221862793e+00
1.242023110389709473e+00
1.237302660942077637e+00
1.233144998550415039e+00
1.229992747306823730e+00
1.230642318725585938e+00
1.228177428245544434e+00
1.228524088859558105e+00
1.224120140075683594e+00
1.221588373184204102e+00
1.221205592155456543e+00
1.217179179191589355e+00
1.208294034004211426e+00
1.204984903335571289e+00
1.203145027160644531e+00
1.202728986740112305e+00
1.202802300453186035e+00
1.201528549194335938e+00
1.200087785720825195e+00
1.199512243270874023e+00
1.198655366897583008e+00
1.193197250366210938e+00
1.191541671752929688e+00
1.190218210220336914e+00
1.188565135002136230e+00
1.190552711486816406e+00
1.189041614532470703e+00
1.187901735305786133e+00
1.185288786888122559e+00
1.185938119888305664e+00
1.186201572418212891e+00
1.186776041984558105e+00
1.187376976013183594e+00
1.184770107269287109e+00
1.186164259910583496e+00
1.185025691986083984e+00
1.182970881462097168e+00
1.182237625122070312e+00
1.183063387870788574e+00
1.183326363563537598e+00
1.180896878242492676e+00
1.180873394012451172e+00
1.181684017181396484e+00
1.179249763488769531e+00
1.177367329597473145e+00
1.178188920021057129e+00
1.175564289093017578e+00
1.178441166877746582e+00
1.174772381782531738e+00
1.174160003662109375e+00
1.173820495605468750e+00
1.173828840255737305e+00
1.174030303955078125e+00
1.174243330955505371e+00
1.173438668251037598e+00
1.172762751579284668e+00
1.172736763954162598e+00
1.172123551368713379e+00
1.171720862388610840e+00
1.173254966735839844e+00
1.172883510589599609e+00
1.172918558120727539e+00
1.170684576034545898e+00
1.172392368316650391e+00
1.173592448234558105e+00
1.171533823013305664e+00
1.173827409744262695e+00
1.173475027084350586e+00
