3.451666533946990967e-01
4.439034163951873779e-01
4.584962129592895508e-01
4.710492491722106934e-01
4.821022748947143555e-01
4.904223382472991943e-01
4.953655302524566650e-01
4.995132684707641602e-01
5.017689466476440430e-01
5.046231150627136230e-01
5.067462325096130371e-01
5.094810724258422852e-01
5.107651352882385254e-01
5.137746334075927734e-01
5.172215700149536133e-01
5.182121396064758301e-01
5.213201045989990234e-01
5.230321884155273438e-01
5.245947241783142090e-01
5.260909199714660645e-01
5.275814533233642578e-01
5.297594666481018066e-01
5.297518968582153320e-01
5.309659242630004883e-01
5.313162803649902344e-01
5.324015021324157715e-01
5.338484644889831543e-01
5.404393672943115234e-01
5.411761403083801270e-01
5.422594547271728516e-01
5.427197217941284180e-01
5.433939099311828613e-01
5.439128875732421875e-01
5.446344614028930664e-01
5.447859764099121094e-01
5.453958511352539062e-01
5.453257560729980469e-01
5.459450483322143555e-01
5.493503808975219727e-01
5.493882298469543457e-01
5.500662922859191895e-01
5.503200888633728027e-01
5.510113835334777832e-01
5.509280562400817871e-01
5.502613782882690430e-01
5.509242415428161621e-01
5.514943003654479980e-01
5.521174073219299316e-01
5.517992377281188965e-01
5.520132780075073242e-01
5.523352026939392090e-01
5.526174306869506836e-01
5.519337058067321777e-01
5.532026290893554688e-01
5.547500252723693848e-01
5.535379052162170410e-01
5.548143982887268066e-01
5.550416707992553711e-01
5.544867515563964844e-01
5.553276538848876953e-01
5.545378923416137695e-01
5.553295612335205078e-01
5.546988844871520996e-01
5.546003580093383789e-01
5.555757284164428711e-01
5.561799407005310059e-01
5.567178130149841309e-01
5.561648011207580566e-01
5.561571717262268066e-01
5.560700893402099609e-01
5.572291612625122070e-01
5.575473308563232422e-01
5.572140216827392578e-01
5.568996071815490723e-01
5.570890307426452637e-01
5.573522448539733887e-01
5.574488639831542969e-01
5.569621324539184570e-01
5.577897429466247559e-01
5.574848651885986328e-01
5.575170516967773438e-01
5.577651262283325195e-01
5.581552982330322266e-01
5.574848651885986328e-01
5.572556853294372559e-01
5.577557086944580078e-01
5.580719709396362305e-01
5.579905509948730469e-01
5.579564571380615234e-01
5.580663084983825684e-01
5.576931834220886230e-01
5.576212406158447266e-01
5.578579306602478027e-01
5.576306581497192383e-01
5.578219890594482422e-01
5.588844418525695801e-01
5.575454831123352051e-01
5.573901534080505371e-01
5.582783818244934082e-01
5.581439137458801270e-01
5.575265288352966309e-01
5.576875209808349609e-01
5.576571822166442871e-01
5.581950545310974121e-01
5.581060647964477539e-01
5.582178235054016113e-01
5.579261183738708496e-01
5.577840805053710938e-01
5.574829578399658203e-01
5.582575798034667969e-01
5.579753518104553223e-01
