1.751206517219543457e+00
1.463455438613891602e+00
1.426495075225830078e+00
1.405503869056701660e+00
1.386022329330444336e+00
1.370378255844116211e+00
1.359340310096740723e+00
1.350484490394592285e+00
1.342821002006530762e+00
1.338274240493774414e+00
1.333957552909851074e+00
1.327936172485351562e+00
1.326277971267700195e+00
1.322940468788146973e+00
1.318212985992431641e+00
1.316657543182373047e+00
1.313108801841735840e+00
1.309627890586853027e+00
1.307854652404785156e+00
1.305551290512084961e+00
1.304487586021423340e+00
1.299977302551269531e+00
1.299492835998535156e+00
1.297699332237243652e+00
1.295907378196716309e+00
1.294508099555969238e+00
1.292926907539367676e+00
1.277797698974609375e+00
1.273916006088256836e+00
1.272048473358154297e+00
1.270924329757690430e+00
1.270535230636596680e+00
1.268876791000366211e+00
1.267221808433532715e+00
1.265592575073242188e+00
1.265432357788085938e+00
1.264461278915405273e+00
1.264481663703918457e+00
1.255657196044921875e+00
1.254085659980773926e+00
1.254035592079162598e+00
1.253807663917541504e+00
1.251630902290344238e+00
1.251557469367980957e+00
1.251322865486145020e+00
1.250909328460693359e+00
1.250148177146911621e+00
1.248469829559326172e+00
1.249450922012329102e+00
1.248655796051025391e+00
1.248463153839111328e+00
1.247526049613952637e+00
1.248444318771362305e+00
1.244839429855346680e+00
1.242440700531005859e+00
1.243116021156311035e+00
1.241899847984313965e+00
1.241172790527343750e+00
1.241668224334716797e+00
1.240929365158081055e+00
1.241943955421447754e+00
1.240737795829772949e+00
1.240409255027770996e+00
1.240503430366516113e+00
1.240053772926330566e+00
1.237847447395324707e+00
1.236811399459838867e+00
1.237654566764831543e+00
1.236947536468505859e+00
1.237497925758361816e+00
1.235852241516113281e+00
1.235839247703552246e+00
1.235523581504821777e+00
1.235765695571899414e+00
1.235858321189880371e+00
1.236182212829589844e+00
1.235009789466857910e+00
1.235869288444519043e+00
1.234377741813659668e+00
1.234333395957946777e+00
1.234579801559448242e+00
1.234203338623046875e+00
1.234301805496215820e+00
1.235049724578857422e+00
1.234371185302734375e+00
1.234631538391113281e+00
1.233850121498107910e+00
1.234255909919738770e+00
1.234114170074462891e+00
1.233871579170227051e+00
1.233058333396911621e+00
1.234150052070617676e+00
1.233544707298278809e+00
1.233414769172668457e+00
1.234298467636108398e+00
1.232598662376403809e+00
1.234209299087524414e+00
1.234006524085998535e+00
1.233315467834472656e+00
1.233938097953796387e+00
1.234156727790832520e+00
1.234225630760192871e+00
1.234001278877258301e+00
1.233675479888916016e+00
1.233315229415893555e+00
1.233581542968750000e+00
1.233008980751037598e+00
1.233943343162536621e+00
1.234483599662780762e+00
1.233642339706420898e+00
1.233770966529846191e+00
