1.826214313507080078e+00
1.440944433212280273e+00
1.383427381515502930e+00
1.354405760765075684e+00
1.326088666915893555e+00
1.303430318832397461e+00
1.286425232887268066e+00
1.272393465042114258e+00
1.260663986206054688e+00
1.252685546875000000e+00
1.242355227470397949e+00
1.235442638397216797e+00
1.226166844367980957e+00
1.222971796989440918e+00
1.214469790458679199e+00
1.210685729980468750e+00
1.207650661468505859e+00
1.204289078712463379e+00
1.200640797615051270e+00
1.197520256042480469e+00
1.197416782379150391e+00
1.193049073219299316e+00
1.188673138618469238e+00
1.185749888420104980e+00
1.184635400772094727e+00
1.182414889335632324e+00
1.178191900253295898e+00
1.174850225448608398e+00
1.171974897384643555e+00
1.169956326484680176e+00
1.167072415351867676e+00
1.167855739593505859e+00
1.154072642326354980e+00
1.151129841804504395e+00
1.148063898086547852e+00
1.148555755615234375e+00
1.144674658775329590e+00
1.143033266067504883e+00
1.140140414237976074e+00
1.138665199279785156e+00
1.136916518211364746e+00
1.134956121444702148e+00
1.132316708564758301e+00
1.130708694458007812e+00
1.129254460334777832e+00
1.126661896705627441e+00
1.125273585319519043e+00
1.123510599136352539e+00
1.120234727859497070e+00
1.113968014717102051e+00
1.113155961036682129e+00
1.111042737960815430e+00
1.109877586364746094e+00
1.109026312828063965e+00
1.107215285301208496e+00
1.107005596160888672e+00
1.106753706932067871e+00
1.104370832443237305e+00
1.104596734046936035e+00
1.103481650352478027e+00
1.099245905876159668e+00
1.097248911857604980e+00
1.098859786987304688e+00
1.097569704055786133e+00
1.098050475120544434e+00
1.096570730209350586e+00
1.095232725143432617e+00
1.094909071922302246e+00
1.091776847839355469e+00
1.091741323471069336e+00
1.091428518295288086e+00
1.092109084129333496e+00
1.091900229454040527e+00
1.091501355171203613e+00
1.090846657752990723e+00
1.090608596801757812e+00
1.088781952857971191e+00
1.088974595069885254e+00
1.088857531547546387e+00
1.089218258857727051e+00
1.088845252990722656e+00
1.087399244308471680e+00
1.087129235267639160e+00
1.088435530662536621e+00
1.088221430778503418e+00
1.087871789932250977e+00
1.087750911712646484e+00
1.087378859519958496e+00
1.086497187614440918e+00
1.087452769279479980e+00
1.087274909019470215e+00
1.087673068046569824e+00
1.087296962738037109e+00
1.085605621337890625e+00
1.087148427963256836e+00
1.085766911506652832e+00
1.087678670883178711e+00
1.086516261100769043e+00
1.086973190307617188e+00
1.087423920631408691e+00
1.086763024330139160e+00
1.086574792861938477e+00
1.085965156555175781e+00
1.086969256401062012e+00
1.087101459503173828e+00
1.086514234542846680e+00
1.087952017784118652e+00
1.086492180824279785e+00
1.086247801780700684e+00
1.086972355842590332e+00
1.086878657341003418e+00
1.086651563644409180e+00
