3.351287841796875000e-01
4.674696922302246094e-01
4.855454564094543457e-01
4.949469566345214844e-01
5.049318075180053711e-01
5.156515240669250488e-01
5.222727060317993164e-01
5.278560519218444824e-01
5.324621200561523438e-01
5.346060395240783691e-01
5.408560633659362793e-01
5.415984988212585449e-01
5.454848408699035645e-01
5.473484992980957031e-01
5.497045516967773438e-01
5.517045259475708008e-01
5.535606145858764648e-01
5.551363825798034668e-01
5.557802915573120117e-01
5.570075511932373047e-01
5.582196712493896484e-01
5.594469904899597168e-01
5.610378980636596680e-01
5.639469623565673828e-01
5.636439323425292969e-01
5.651969909667968750e-01
5.664318203926086426e-01
5.677348375320434570e-01
5.699166655540466309e-01
5.728484988212585449e-01
5.732424259185791016e-01
5.732879042625427246e-01
5.798712372779846191e-01
5.810303092002868652e-01
5.831817984580993652e-01
5.828636288642883301e-01
5.835151672363281250e-01
5.853484869003295898e-01
5.851742625236511230e-01
5.872424244880676270e-01
5.878636240959167480e-01
5.885227322578430176e-01
5.900151729583740234e-01
5.896288156509399414e-01
5.900378823280334473e-01
5.928787589073181152e-01
5.923408865928649902e-01
5.925681591033935547e-01
5.953409075736999512e-01
5.955681800842285156e-01
5.967045426368713379e-01
5.983181595802307129e-01
5.985757708549499512e-01
5.985757708549499512e-01
5.993939638137817383e-01
5.984091162681579590e-01
5.991212129592895508e-01
6.002197265625000000e-01
5.999696850776672363e-01
5.998560786247253418e-01
6.023030281066894531e-01
6.025984883308410645e-01
6.024772524833679199e-01
6.031590700149536133e-01
6.017727255821228027e-01
6.022878885269165039e-01
6.036893725395202637e-01
6.038408875465393066e-01
6.042575836181640625e-01
6.039924025535583496e-01
6.052348613739013672e-01
6.053863763809204102e-01
6.046136617660522461e-01
6.040681600570678711e-01
6.044924259185791016e-01
6.042878627777099609e-01
6.047651767730712891e-01
6.061742305755615234e-01
6.055227518081665039e-01
6.045379042625427246e-01
6.058712005615234375e-01
6.070151329040527344e-01
6.055985093116760254e-01
6.056818366050720215e-01
6.057651638984680176e-01
6.055454611778259277e-01
6.062272787094116211e-01
6.064318418502807617e-01
6.071212291717529297e-01
6.058257818222045898e-01
6.060302853584289551e-01
6.065530180931091309e-01
6.057803034782409668e-01
6.060606241226196289e-01
6.059848666191101074e-01
6.072651743888854980e-01
6.060909032821655273e-01
6.061893701553344727e-01
6.069090962409973145e-01
6.068711876869201660e-01
6.058939099311828613e-01
6.061666607856750488e-01
6.063712239265441895e-01
6.064015030860900879e-01
6.068257689476013184e-01
6.061590909957885742e-01
6.065303087234497070e-01
6.057727336883544922e-01
6.069318056106567383e-01
6.052197217941284180e-01
6.063257455825805664e-01
6.056212186813354492e-01
