2.414621263742446899e-01
4.011363685131072998e-01
4.458484947681427002e-01
4.566287994384765625e-01
4.648030400276184082e-01
4.691363573074340820e-01
4.728409051895141602e-01
4.771439433097839355e-01
4.790530204772949219e-01
4.803787767887115479e-01
4.838409125804901123e-01
4.887651503086090088e-01
4.910378754138946533e-01
4.933484792709350586e-01
4.958030283451080322e-01
5.003333091735839844e-01
5.032120943069458008e-01
5.046439170837402344e-01
5.073484778404235840e-01
5.088257789611816406e-01
5.105151534080505371e-01
5.134166479110717773e-01
5.149242281913757324e-01
5.158939361572265625e-01
5.180909037590026855e-01
5.179091095924377441e-01
5.195227265357971191e-01
5.208939313888549805e-01
5.223636627197265625e-01
5.237575769424438477e-01
5.228484869003295898e-01
5.257424116134643555e-01
5.252878665924072266e-01
5.273257493972778320e-01
5.269545316696166992e-01
5.272879004478454590e-01
5.268105864524841309e-01
5.294620990753173828e-01
5.289924144744873047e-01
5.294393897056579590e-01
5.303106307983398438e-01
5.302196741104125977e-01
5.311969518661499023e-01
5.321817994117736816e-01
5.329999923706054688e-01
5.334014892578125000e-01
5.329848527908325195e-01
5.332348346710205078e-01
5.405454635620117188e-01
5.418030023574829102e-01
5.417121052742004395e-01
5.432803034782409668e-01
5.428106188774108887e-01
5.435757637023925781e-01
5.434242486953735352e-01
5.448030233383178711e-01
5.485000014305114746e-01
5.472954511642456055e-01
5.495606064796447754e-01
5.490151643753051758e-01
5.496590733528137207e-01
5.508409142494201660e-01
5.506742596626281738e-01
5.497803092002868652e-01
5.518863797187805176e-01
5.544772744178771973e-01
5.546060800552368164e-01
5.533787608146667480e-01
5.535151362419128418e-01
5.547878742218017578e-01
5.550833344459533691e-01
5.555833578109741211e-01
5.565606355667114258e-01
5.561969876289367676e-01
5.574015378952026367e-01
5.564393997192382812e-01
5.569242238998413086e-01
5.564166903495788574e-01
5.577424168586730957e-01
5.581439137458801270e-01
5.568560361862182617e-01
5.584999918937683105e-01
5.579469799995422363e-01
5.577954649925231934e-01
5.596439242362976074e-01
5.582273006439208984e-01
5.576742291450500488e-01
5.583560466766357422e-01
5.581439137458801270e-01
5.583560466766357422e-01
5.582727193832397461e-01
5.586363673210144043e-01
5.591969490051269531e-01
5.583181977272033691e-01
5.596514940261840820e-01
5.575530529022216797e-01
5.589545369148254395e-01
5.589166879653930664e-01
5.584090948104858398e-01
5.591515302658081055e-01
5.592802762985229492e-01
5.586060881614685059e-01
5.592121481895446777e-01
5.606742501258850098e-01
5.593408942222595215e-01
5.604242682456970215e-01
5.596818327903747559e-01
5.584848523139953613e-01
5.593484640121459961e-01
5.585606098175048828e-01
5.605681538581848145e-01
5.592045187950134277e-01
5.588560700416564941e-01
5.595985054969787598e-01
5.593712329864501953e-01
5.603560805320739746e-01
5.599620938301086426e-01
5.604166388511657715e-01
5.595151782035827637e-01
5.592802762985229492e-01
5.601363778114318848e-01
5.601136088371276855e-01
5.584469437599182129e-01
5.590227246284484863e-01
5.600151419639587402e-01
5.596287846565246582e-01
5.596666932106018066e-01
5.593863725662231445e-01
5.599015355110168457e-01
5.585757493972778320e-01
5.596969723701477051e-01
5.595378875732421875e-01
5.585984587669372559e-01
5.589393973350524902e-01
5.590909123420715332e-01
5.594999790191650391e-01
