2.024593591690063477e+00
1.583289265632629395e+00
1.446713447570800781e+00
1.404020309448242188e+00
1.378524303436279297e+00
1.363539695739746094e+00
1.354072451591491699e+00
1.341700196266174316e+00
1.337903499603271484e+00
1.329231977462768555e+00
1.326746582984924316e+00
1.317600011825561523e+00
1.314257860183715820e+00
1.309372305870056152e+00
1.306935071945190430e+00
1.299062371253967285e+00
1.292916655540466309e+00
1.290737271308898926e+00
1.286429882049560547e+00
1.283519864082336426e+00
1.281377077102661133e+00
1.276024222373962402e+00
1.271198868751525879e+00
1.269502878189086914e+00
1.266277432441711426e+00
1.262796640396118164e+00
1.261128783226013184e+00
1.258077502250671387e+00
1.255682349205017090e+00
1.254202723503112793e+00
1.251263260841369629e+00
1.248668193817138672e+00
1.248602867126464844e+00
1.245848298072814941e+00
1.244994640350341797e+00
1.242587685585021973e+00
1.240990757942199707e+00
1.240916848182678223e+00
1.240296483039855957e+00
1.238604426383972168e+00
1.237871527671813965e+00
1.236732482910156250e+00
1.235227823257446289e+00
1.233947157859802246e+00
1.231798171997070312e+00
1.230939984321594238e+00
1.229622006416320801e+00
1.230467200279235840e+00
1.213686227798461914e+00
1.209277153015136719e+00
1.207310676574707031e+00
1.208400726318359375e+00
1.206083297729492188e+00
1.205568552017211914e+00
1.206234097480773926e+00
1.204030036926269531e+00
1.196526288986206055e+00
1.194834113121032715e+00
1.194798111915588379e+00
1.192884922027587891e+00
1.193032741546630859e+00
1.192314147949218750e+00
1.191520333290100098e+00
1.191181540489196777e+00
1.189991712570190430e+00
1.185347437858581543e+00
1.186090707778930664e+00
1.186642169952392578e+00
1.185715079307556152e+00
1.184509038925170898e+00
1.182402849197387695e+00
1.182837367057800293e+00
1.181267857551574707e+00
1.180802464485168457e+00
1.179768562316894531e+00
1.181290388107299805e+00
1.180633068084716797e+00
1.179895281791687012e+00
1.178148031234741211e+00
1.177555561065673828e+00
1.179845094680786133e+00
1.178729176521301270e+00
1.177567839622497559e+00
1.177862882614135742e+00
1.175895929336547852e+00
1.178079605102539062e+00
1.177790880203247070e+00
1.177843809127807617e+00
1.177010416984558105e+00
1.177951097488403320e+00
1.178233265876770020e+00
1.177003622055053711e+00
1.177709937095642090e+00
1.177285194396972656e+00
1.176904082298278809e+00
1.178133130073547363e+00
1.175511837005615234e+00
1.175740242004394531e+00
1.178439259529113770e+00
1.176354527473449707e+00
1.175688862800598145e+00
1.175381064414978027e+00
1.176526427268981934e+00
1.174884200096130371e+00
1.176890015602111816e+00
1.174342513084411621e+00
1.175596475601196289e+00
1.176175475120544434e+00
1.175374627113342285e+00
1.176024556159973145e+00
1.175226092338562012e+00
1.176382303237915039e+00
1.177172064781188965e+00
1.176983356475830078e+00
1.175695776939392090e+00
1.175343990325927734e+00
1.175784349441528320e+00
1.175257563591003418e+00
1.176576495170593262e+00
1.177460432052612305e+00
1.175134778022766113e+00
1.174939632415771484e+00
1.177033782005310059e+00
1.176435351371765137e+00
1.175941109657287598e+00
1.176598668098449707e+00
1.176089048385620117e+00
1.175723552703857422e+00
1.174885988235473633e+00
1.176661491394042969e+00
1.174544453620910645e+00
1.175746798515319824e+00
1.176520943641662598e+00
1.174461483955383301e+00
1.176087617874145508e+00
1.174878835678100586e+00
