2.251742482185363770e-01
3.330227136611938477e-01
3.685681819915771484e-01
3.976818323135375977e-01
4.209848344326019287e-01
4.382803142070770264e-01
4.533863663673400879e-01
4.725984930992126465e-01
4.826591014862060547e-01
4.880151450634002686e-01
4.945605993270874023e-01
4.981590807437896729e-01
5.033030509948730469e-01
5.065909028053283691e-01
5.112196803092956543e-01
5.155227184295654297e-01
5.173257589340209961e-01
5.212802886962890625e-01
5.243257284164428711e-01
5.273939371109008789e-01
5.309469699859619141e-01
5.323485136032104492e-01
5.350000262260437012e-01
5.363257527351379395e-01
5.374394059181213379e-01
5.401211977005004883e-01
5.424014925956726074e-01
5.454621315002441406e-01
5.451211929321289062e-01
5.462499856948852539e-01
5.482651591300964355e-01
5.492045283317565918e-01
5.502499938011169434e-01
5.521363615989685059e-01
5.534242391586303711e-01
5.538787841796875000e-01
5.567197203636169434e-01
5.567954778671264648e-01
5.584469437599182129e-01
5.584999918937683105e-01
5.605833530426025391e-01
5.609015226364135742e-01
5.618484616279602051e-01
5.630000233650207520e-01
5.687803030014038086e-01
5.688863396644592285e-01
5.701060891151428223e-01
5.695984959602355957e-01
5.698333382606506348e-01
5.719923973083496094e-01
5.710303187370300293e-01
5.740302801132202148e-01
5.747272968292236328e-01
5.763333439826965332e-01
5.751969814300537109e-01
5.759621262550354004e-01
5.756136178970336914e-01
5.759166479110717773e-01
5.771666765213012695e-01
5.771666765213012695e-01
5.772045254707336426e-01
5.772954821586608887e-01
5.779848694801330566e-01
5.787272453308105469e-01
5.791590809822082520e-01
5.791060328483581543e-01
5.791742205619812012e-01
5.791515111923217773e-01
5.798788070678710938e-01
5.801818370819091797e-01
5.797120928764343262e-01
5.799924135208129883e-01
5.803105831146240234e-01
5.814318060874938965e-01
5.805454254150390625e-01
5.810909271240234375e-01
5.820606350898742676e-01
5.817045569419860840e-01
5.807197093963623047e-01
5.819014906883239746e-01
5.820909142494201660e-01
5.819318294525146484e-01
5.808030366897583008e-01
5.815379023551940918e-01
5.812954306602478027e-01
5.824469923973083496e-01
5.821439623832702637e-01
5.829772949218750000e-01
5.827121138572692871e-01
5.818939208984375000e-01
5.827575922012329102e-01
5.830302834510803223e-01
5.829318165779113770e-01
5.824621319770812988e-01
5.830757617950439453e-01
5.823181867599487305e-01
5.828030109405517578e-01
5.828409194946289062e-01
5.824166536331176758e-01
5.829848647117614746e-01
5.834242701530456543e-01
5.830530524253845215e-01
5.830000042915344238e-01
5.837045311927795410e-01
5.837424397468566895e-01
5.840151309967041016e-01
5.831893682479858398e-01
5.834318399429321289e-01
5.831136107444763184e-01
5.840151309967041016e-01
5.834242701530456543e-01
5.828560590744018555e-01
5.829772949218750000e-01
5.829848647117614746e-01
5.832424163818359375e-01
5.828711986541748047e-01
5.832045674324035645e-01
5.833712220191955566e-01
5.829697251319885254e-01
5.832272768020629883e-01
