2.111234664916992188e+00
1.773868799209594727e+00
1.671180725097656250e+00
1.604198336601257324e+00
1.548780322074890137e+00
1.501849055290222168e+00
1.457282423973083496e+00
1.393786072731018066e+00
1.365022778511047363e+00
1.347112417221069336e+00
1.339408755302429199e+00
1.324414134025573730e+00
1.313448309898376465e+00
1.301767706871032715e+00
1.292226552963256836e+00
1.283501744270324707e+00
1.279698967933654785e+00
1.272072553634643555e+00
1.263319134712219238e+00
1.258387923240661621e+00
1.252511501312255859e+00
1.247480511665344238e+00
1.241108417510986328e+00
1.237254142761230469e+00
1.234561562538146973e+00
1.227040648460388184e+00
1.224434256553649902e+00
1.219093441963195801e+00
1.216563940048217773e+00
1.213265180587768555e+00
1.209663748741149902e+00
1.206092476844787598e+00
1.204298496246337891e+00
1.199897646903991699e+00
1.197123289108276367e+00
1.195805430412292480e+00
1.191380977630615234e+00
1.188243985176086426e+00
1.187476277351379395e+00
1.186758279800415039e+00
1.182203412055969238e+00
1.181140780448913574e+00
1.179646134376525879e+00
1.179099917411804199e+00
1.166343927383422852e+00
1.165148973464965820e+00
1.162834048271179199e+00
1.163166642189025879e+00
1.162203669548034668e+00
1.160508871078491211e+00
1.159956812858581543e+00
1.153846502304077148e+00
1.152405858039855957e+00
1.152462601661682129e+00
1.151873230934143066e+00
1.151172876358032227e+00
1.150891065597534180e+00
1.150303125381469727e+00
1.148828625679016113e+00
1.148934841156005859e+00
1.148737549781799316e+00
1.148287773132324219e+00
1.145040869712829590e+00
1.144803047180175781e+00
1.143657088279724121e+00
1.144245266914367676e+00
1.143085002899169922e+00
1.143967986106872559e+00
1.142647862434387207e+00
1.142573475837707520e+00
1.143350362777709961e+00
1.141953468322753906e+00
1.141716003417968750e+00
1.140151619911193848e+00
1.139813661575317383e+00
1.139480590820312500e+00
1.138987421989440918e+00
1.139175772666931152e+00
1.139717936515808105e+00
1.138974189758300781e+00
1.139008760452270508e+00
1.138420224189758301e+00
1.139258027076721191e+00
1.138403892517089844e+00
1.138430356979370117e+00
1.137788534164428711e+00
1.137995004653930664e+00
1.136844158172607422e+00
1.137290239334106445e+00
1.137705087661743164e+00
1.136846542358398438e+00
1.137323498725891113e+00
1.136528730392456055e+00
1.136689662933349609e+00
1.136228322982788086e+00
1.136419653892517090e+00
1.135603070259094238e+00
1.136075615882873535e+00
1.136497735977172852e+00
1.135455250740051270e+00
1.135441184043884277e+00
1.135483026504516602e+00
1.136223077774047852e+00
1.135523319244384766e+00
1.135577201843261719e+00
1.134539604187011719e+00
1.136349320411682129e+00
1.134398460388183594e+00
1.135435819625854492e+00
1.135126352310180664e+00
1.134752869606018066e+00
1.135639190673828125e+00
1.135085463523864746e+00
1.135847210884094238e+00
1.134980082511901855e+00
1.134727835655212402e+00
1.135205149650573730e+00
1.135239601135253906e+00
1.135576725006103516e+00
1.135971307754516602e+00
