2.840378880500793457e-01
4.058636426925659180e-01
4.576136469841003418e-01
4.786439538002014160e-01
4.865454435348510742e-01
4.936439394950866699e-01
5.017121434211730957e-01
5.071893930435180664e-01
5.124545693397521973e-01
5.187424421310424805e-01
5.246818065643310547e-01
5.289090871810913086e-01
5.335606336593627930e-01
5.375454425811767578e-01
5.422651767730712891e-01
5.449545383453369141e-01
5.499772429466247559e-01
5.530605912208557129e-01
5.542197227478027344e-01
5.580909252166748047e-01
5.587272644042968750e-01
5.600757598876953125e-01
5.628333091735839844e-01
5.630303025245666504e-01
5.657500028610229492e-01
5.682045221328735352e-01
5.695075988769531250e-01
5.702121257781982422e-01
5.714242458343505859e-01
5.726515054702758789e-01
5.780378580093383789e-01
5.786591172218322754e-01
5.789621472358703613e-01
5.811060667037963867e-01
5.833257436752319336e-01
5.837273001670837402e-01
5.859923958778381348e-01
5.881590843200683594e-01
5.898787975311279297e-01
5.924318432807922363e-01
5.929318070411682129e-01
5.930908918380737305e-01
5.991590619087219238e-01
6.006818413734436035e-01
6.015757322311401367e-01
6.022803187370300293e-01
6.029015183448791504e-01
6.026363372802734375e-01
6.043182015419006348e-01
6.044999957084655762e-01
6.050378680229187012e-01
6.058787703514099121e-01
6.065303087234497070e-01
6.078408956527709961e-01
6.071363687515258789e-01
6.089848279953002930e-01
6.094924211502075195e-01
6.088485121726989746e-01
6.098333597183227539e-01
6.110984683036804199e-01
6.110833287239074707e-01
6.113181710243225098e-01
6.109318137168884277e-01
6.110984683036804199e-01
6.118409037590026855e-01
6.128560900688171387e-01
6.105303168296813965e-01
6.134318113327026367e-01
6.130605936050415039e-01
6.149924397468566895e-01
6.134242415428161621e-01
6.175378561019897461e-01
6.194697022438049316e-01
6.197500228881835938e-01
6.187651753425598145e-01
6.194697022438049316e-01
6.195227503776550293e-01
6.190000176429748535e-01
6.199091076850891113e-01
6.208560466766357422e-01
6.205605864524841309e-01
6.195454597473144531e-01
6.201893687248229980e-01
6.206212043762207031e-01
6.200606226921081543e-01
6.214242577552795410e-01
6.211287975311279297e-01
6.207273006439208984e-01
6.216666698455810547e-01
6.210454702377319336e-01
6.244621276855468750e-01
6.237803101539611816e-01
6.232802867889404297e-01
6.251817941665649414e-01
6.239696741104125977e-01
6.235833168029785156e-01
6.243863701820373535e-01
6.245605945587158203e-01
6.251969933509826660e-01
6.250530481338500977e-01
6.248105764389038086e-01
6.234015226364135742e-01
6.243333220481872559e-01
6.264015436172485352e-01
6.259545683860778809e-01
6.263863444328308105e-01
6.261060833930969238e-01
6.259393692016601562e-01
6.270076036453247070e-01
6.272424459457397461e-01
6.266363859176635742e-01
6.266818046569824219e-01
6.266136169433593750e-01
6.274697184562683105e-01
6.271514892578125000e-01
6.273787617683410645e-01
6.260908842086791992e-01
6.259090900421142578e-01
6.267651319503784180e-01
6.276439428329467773e-01
6.278333067893981934e-01
6.283939480781555176e-01
6.282045245170593262e-01
6.279772520065307617e-01
6.287045478820800781e-01
6.274166703224182129e-01
6.280075907707214355e-01
6.279545426368713379e-01
6.277954578399658203e-01
6.273257732391357422e-01
6.277878880500793457e-01
6.284090876579284668e-01
6.268106102943420410e-01
6.282727122306823730e-01
6.270605921745300293e-01
6.281666755676269531e-01
6.276515126228332520e-01
6.274697184562683105e-01
6.275833249092102051e-01
6.276894211769104004e-01
6.286969780921936035e-01
6.279394030570983887e-01
6.275151371955871582e-01
