1.951584339141845703e+00
1.604240775108337402e+00
1.455514430999755859e+00
1.380635499954223633e+00
1.353394031524658203e+00
1.328065752983093262e+00
1.311570167541503906e+00
1.299726724624633789e+00
1.290757060050964355e+00
1.280228614807128906e+00
1.267400979995727539e+00
1.257295608520507812e+00
1.246193766593933105e+00
1.236740708351135254e+00
1.227248668670654297e+00
1.220454812049865723e+00
1.212283611297607422e+00
1.205472707748413086e+00
1.202716350555419922e+00
1.194348454475402832e+00
1.191595077514648438e+00
1.190450310707092285e+00
1.183255195617675781e+00
1.180542349815368652e+00
1.176955342292785645e+00
1.171245455741882324e+00
1.167366147041320801e+00
1.165641427040100098e+00
1.163852572441101074e+00
1.161122322082519531e+00
1.153331875801086426e+00
1.152044057846069336e+00
1.149743080139160156e+00
1.146077156066894531e+00
1.140008091926574707e+00
1.139593839645385742e+00
1.134779214859008789e+00
1.130698204040527344e+00
1.127009987831115723e+00
1.123324513435363770e+00
1.118908166885375977e+00
1.119602322578430176e+00
1.099689364433288574e+00
1.097200989723205566e+00
1.095129251480102539e+00
1.092890620231628418e+00
1.090870141983032227e+00
1.090363502502441406e+00
1.088177800178527832e+00
1.086280822753906250e+00
1.084238171577453613e+00
1.080367326736450195e+00
1.079582810401916504e+00
1.078007102012634277e+00
1.079214572906494141e+00
1.072670936584472656e+00
1.072077512741088867e+00
1.070659995079040527e+00
1.069122076034545898e+00
1.066808462142944336e+00
1.065223455429077148e+00
1.064798712730407715e+00
1.063707590103149414e+00
1.063490390777587891e+00
1.060325622558593750e+00
1.057896494865417480e+00
1.062069892883300781e+00
1.056305646896362305e+00
1.058160662651062012e+00
1.053002357482910156e+00
1.053816437721252441e+00
1.044511675834655762e+00
1.042896866798400879e+00
1.041673064231872559e+00
1.041331291198730469e+00
1.040505051612854004e+00
1.040498495101928711e+00
1.039504170417785645e+00
1.037682652473449707e+00
1.037814021110534668e+00
1.037291884422302246e+00
1.037603735923767090e+00
1.033653616905212402e+00
1.034633159637451172e+00
1.035115718841552734e+00
1.035255312919616699e+00
1.034149050712585449e+00
1.033793330192565918e+00
1.030793786048889160e+00
1.031850576400756836e+00
1.026134490966796875e+00
1.025522589683532715e+00
1.025160431861877441e+00
1.023573756217956543e+00
1.023337125778198242e+00
1.022920966148376465e+00
1.021827220916748047e+00
1.022413015365600586e+00
1.022636890411376953e+00
1.021560788154602051e+00
1.021341681480407715e+00
1.024085760116577148e+00
1.021220803260803223e+00
1.019485235214233398e+00
1.016463041305541992e+00
1.018546819686889648e+00
1.017897486686706543e+00
1.017060875892639160e+00
1.015996098518371582e+00
1.016027450561523438e+00
1.015464901924133301e+00
1.016045808792114258e+00
1.016068935394287109e+00
1.013865232467651367e+00
1.014732599258422852e+00
1.013948798179626465e+00
1.015446186065673828e+00
1.015010237693786621e+00
1.013951659202575684e+00
1.014142870903015137e+00
1.013790726661682129e+00
1.012648940086364746e+00
1.013401031494140625e+00
1.013204455375671387e+00
1.013680338859558105e+00
1.013354182243347168e+00
1.013023376464843750e+00
1.013905644416809082e+00
1.013606309890747070e+00
1.013083100318908691e+00
1.013190865516662598e+00
1.011335015296936035e+00
1.011885166168212891e+00
1.012405157089233398e+00
1.013209581375122070e+00
1.014470934867858887e+00
1.013801217079162598e+00
1.012853264808654785e+00
1.013032436370849609e+00
1.013263344764709473e+00
1.012158155441284180e+00
1.013891696929931641e+00
1.013158440589904785e+00
