1.820619702339172363e+00
1.534587621688842773e+00
1.478596210479736328e+00
1.444740414619445801e+00
1.429543256759643555e+00
1.414680957794189453e+00
1.404601335525512695e+00
1.392942667007446289e+00
1.384027361869812012e+00
1.375925183296203613e+00
1.369853973388671875e+00
1.362419962882995605e+00
1.357080459594726562e+00
1.349417567253112793e+00
1.346910715103149414e+00
1.336014747619628906e+00
1.331206202507019043e+00
1.326292037963867188e+00
1.320385217666625977e+00
1.316612124443054199e+00
1.311441183090209961e+00
1.305601596832275391e+00
1.302254796028137207e+00
1.301915168762207031e+00
1.294982433319091797e+00
1.291670680046081543e+00
1.288776636123657227e+00
1.286851406097412109e+00
1.284159779548645020e+00
1.281367778778076172e+00
1.277858018875122070e+00
1.263986110687255859e+00
1.260903596878051758e+00
1.257431268692016602e+00
1.256474018096923828e+00
1.255075216293334961e+00
1.253426313400268555e+00
1.251596212387084961e+00
1.250863313674926758e+00
1.248004317283630371e+00
1.241280317306518555e+00
1.239087820053100586e+00
1.237527608871459961e+00
1.237295269966125488e+00
1.235958933830261230e+00
1.234574437141418457e+00
1.234163641929626465e+00
1.232994675636291504e+00
1.228477358818054199e+00
1.227475881576538086e+00
1.227564334869384766e+00
1.228007197380065918e+00
1.226938247680664062e+00
1.224683761596679688e+00
1.225486040115356445e+00
1.224724173545837402e+00
1.222364425659179688e+00
1.221996665000915527e+00
1.221734881401062012e+00
1.221233487129211426e+00
1.220592260360717773e+00
1.219857811927795410e+00
1.219690322875976562e+00
1.218351721763610840e+00
1.218642473220825195e+00
1.219801902770996094e+00
1.219229936599731445e+00
1.218179345130920410e+00
1.218311548233032227e+00
1.217569828033447266e+00
1.217007279396057129e+00
1.218196749687194824e+00
1.216816544532775879e+00
1.216582179069519043e+00
1.217449069023132324e+00
1.217208147048950195e+00
1.217584490776062012e+00
1.217388749122619629e+00
1.216596722602844238e+00
1.218184113502502441e+00
1.216843724250793457e+00
1.216751813888549805e+00
1.216878652572631836e+00
1.217021107673645020e+00
1.216973662376403809e+00
1.216064929962158203e+00
1.216623067855834961e+00
1.216124296188354492e+00
1.217711329460144043e+00
1.216704010963439941e+00
1.216485857963562012e+00
1.216511368751525879e+00
1.216587305068969727e+00
1.216507315635681152e+00
1.216795921325683594e+00
1.216212391853332520e+00
1.216975212097167969e+00
1.216565847396850586e+00
1.215861082077026367e+00
1.216997504234313965e+00
1.217221498489379883e+00
1.216700553894042969e+00
1.216787099838256836e+00
1.216493248939514160e+00
1.216279983520507812e+00
1.215767860412597656e+00
1.216077804565429688e+00
1.216415762901306152e+00
1.217599749565124512e+00
1.217655897140502930e+00
1.216965794563293457e+00
