3.226022720336914062e-01
4.224526584148406982e-01
4.426288008689880371e-01
4.574052989482879639e-01
4.633541703224182129e-01
4.684261381626129150e-01
4.722481071949005127e-01
4.774223566055297852e-01
4.802594780921936035e-01
4.840340912342071533e-01
4.865511357784271240e-01
4.884583353996276855e-01
4.898333251476287842e-01
4.922594726085662842e-01
4.943295419216156006e-01
4.975530207157135010e-01
4.993219673633575439e-01
5.019658803939819336e-01
5.046060681343078613e-01
5.063939690589904785e-01
5.085454583168029785e-01
5.114678144454956055e-01
5.131685733795166016e-01
5.138484835624694824e-01
5.164374709129333496e-01
5.172197222709655762e-01
5.196856260299682617e-01
5.201988816261291504e-01
5.214772820472717285e-01
5.227916836738586426e-01
5.234602093696594238e-01
5.303143858909606934e-01
5.311533808708190918e-01
5.325284004211425781e-01
5.337499976158142090e-01
5.341249704360961914e-01
5.342140197753906250e-01
5.348958373069763184e-01
5.351761579513549805e-01
5.366514921188354492e-01
5.398105978965759277e-01
5.405606031417846680e-01
5.416647791862487793e-01
5.421155095100402832e-01
5.424583554267883301e-01
5.424734950065612793e-01
5.423427820205688477e-01
5.430625081062316895e-01
5.443939566612243652e-01
5.458163022994995117e-01
5.464905500411987305e-01
5.455700755119323730e-01
5.458522439002990723e-01
5.465359687805175781e-01
5.470075607299804688e-01
5.472064614295959473e-01
5.481553077697753906e-01
5.488314628601074219e-01
5.479867458343505859e-01
5.482783913612365723e-01
5.489374995231628418e-01
5.491799116134643555e-01
5.495757460594177246e-01
5.495435595512390137e-01
5.500378608703613281e-01
5.496022701263427734e-01
5.498219728469848633e-01
5.501306653022766113e-01
5.499753952026367188e-01
5.499981045722961426e-01
5.509091019630432129e-01
5.503749847412109375e-01
5.509280562400817871e-01
5.506079792976379395e-01
5.510170459747314453e-01
5.507632493972778320e-01
5.507442951202392578e-01
5.504034161567687988e-01
5.511704683303833008e-01
5.505814552307128906e-01
5.503238439559936523e-01
5.512840747833251953e-01
5.511590838432312012e-01
5.509451031684875488e-01
5.506193041801452637e-01
5.516458153724670410e-01
5.511704683303833008e-01
5.513086915016174316e-01
5.499621033668518066e-01
5.507026314735412598e-01
5.510170459747314453e-01
5.510568022727966309e-01
5.501742362976074219e-01
5.511496067047119141e-01
5.512518882751464844e-01
5.511382818222045898e-01
5.512992143630981445e-01
5.512973666191101074e-01
5.512367486953735352e-01
5.516552925109863281e-01
5.510227084159851074e-01
5.515227317810058594e-01
5.512916445732116699e-01
5.511268973350524902e-01
5.511571764945983887e-01
5.516591072082519531e-01
5.513446927070617676e-01
5.517348647117614746e-01
5.504375100135803223e-01
5.509091019630432129e-01
5.506231188774108887e-01
