1.949166655540466309e-01
2.918787896633148193e-01
3.583711981773376465e-01
4.020151495933532715e-01
4.472424387931823730e-01
4.762499928474426270e-01
4.958257675170898438e-01
5.039393901824951172e-01
5.107424259185791016e-01
5.109469890594482422e-01
5.189924240112304688e-01
5.278257727622985840e-01
5.371666550636291504e-01
5.376742482185363770e-01
5.406136512756347656e-01
5.429924130439758301e-01
5.455681681632995605e-01
5.490757822990417480e-01
5.522727370262145996e-01
5.492348670959472656e-01
5.503636598587036133e-01
5.544015169143676758e-01
5.569394230842590332e-01
5.550075769424438477e-01
5.588181614875793457e-01
5.594469904899597168e-01
5.618863701820373535e-01
5.591818094253540039e-01
5.626515150070190430e-01
5.643408894538879395e-01
5.660530328750610352e-01
5.649393796920776367e-01
5.675984621047973633e-01
5.695454478263854980e-01
5.688636302947998047e-01
5.693408846855163574e-01
5.756363868713378906e-01
5.778939127922058105e-01
5.788560509681701660e-01
5.798257589340209961e-01
5.800985097885131836e-01
5.819772481918334961e-01
5.836439132690429688e-01
5.852272510528564453e-01
5.864469408988952637e-01
5.921969413757324219e-01
5.974014997482299805e-01
6.037878990173339844e-01
6.081136465072631836e-01
6.121590733528137207e-01
6.163030266761779785e-01
6.187499761581420898e-01
6.219317913055419922e-01
6.242575645446777344e-01
6.257575750350952148e-01
6.275075674057006836e-01
6.301060318946838379e-01
6.306515336036682129e-01
6.331515312194824219e-01
6.348409056663513184e-01
6.360151767730712891e-01
6.417121291160583496e-01
6.445227265357971191e-01
6.454469561576843262e-01
6.460075974464416504e-01
6.465227007865905762e-01
6.514015197753906250e-01
6.530606150627136230e-01
6.541590690612792969e-01
6.545681953430175781e-01
6.555530428886413574e-01
6.575833559036254883e-01
6.584696769714355469e-01
6.586969494819641113e-01
6.602802872657775879e-01
6.603560447692871094e-01
6.616969704627990723e-01
6.616363525390625000e-01
6.617272496223449707e-01
6.629621386528015137e-01
6.629393696784973145e-01
6.632575988769531250e-01
6.630303263664245605e-01
6.632954478263854980e-01
6.638787984848022461e-01
6.640454530715942383e-01
6.642272472381591797e-01
6.646590828895568848e-01
6.649166941642761230e-01
6.647575497627258301e-01
6.650833487510681152e-01
6.646212339401245117e-01
6.644697189331054688e-01
6.651060581207275391e-01
6.645833253860473633e-01
6.658409237861633301e-01
6.656590700149536133e-01
6.644772887229919434e-01
6.656439304351806641e-01
6.652727127075195312e-01
6.652272939682006836e-01
6.655227541923522949e-01
6.653863787651062012e-01
6.654393672943115234e-01
6.652197241783142090e-01
6.648939251899719238e-01
