2.143477439880371094e+00
1.863329410552978516e+00
1.670004487037658691e+00
1.545595526695251465e+00
1.434347152709960938e+00
1.361397027969360352e+00
1.315050959587097168e+00
1.303223609924316406e+00
1.283827304840087891e+00
1.284363627433776855e+00
1.261498093605041504e+00
1.236032366752624512e+00
1.213742971420288086e+00
1.204622030258178711e+00
1.200233697891235352e+00
1.189401745796203613e+00
1.184155821800231934e+00
1.173298954963684082e+00
1.167455315589904785e+00
1.169189929962158203e+00
1.169831514358520508e+00
1.159889698028564453e+00
1.152837038040161133e+00
1.156667828559875488e+00
1.149726271629333496e+00
1.145800471305847168e+00
1.141497969627380371e+00
1.145253539085388184e+00
1.137107610702514648e+00
1.134384870529174805e+00
1.129350304603576660e+00
1.129281997680664062e+00
1.124732255935668945e+00
1.119778394699096680e+00
1.124469757080078125e+00
1.120197653770446777e+00
1.101590394973754883e+00
1.098142862319946289e+00
1.095122456550598145e+00
1.094866037368774414e+00
1.093717098236083984e+00
1.091044187545776367e+00
1.088702201843261719e+00
1.088170886039733887e+00
1.086611747741699219e+00
1.082501292228698730e+00
1.078984498977661133e+00
1.070638298988342285e+00
1.066683053970336914e+00
1.061125874519348145e+00
1.057216167449951172e+00
1.050889015197753906e+00
1.045267939567565918e+00
1.038954734802246094e+00
1.035094738006591797e+00
1.032417058944702148e+00
1.024927616119384766e+00
1.025674343109130859e+00
1.019472241401672363e+00
1.016125082969665527e+00
1.013173818588256836e+00
9.977941513061523438e-01
9.916093945503234863e-01
9.891687035560607910e-01
9.882764220237731934e-01
9.858095645904541016e-01
9.746488928794860840e-01
9.712330102920532227e-01
9.689844846725463867e-01
9.677234888076782227e-01
9.665547609329223633e-01
9.594485163688659668e-01
9.581148028373718262e-01
9.565604329109191895e-01
9.557994008064270020e-01
9.541493058204650879e-01
9.516915678977966309e-01
9.505458474159240723e-01
9.496960639953613281e-01
9.487364292144775391e-01
9.476540684700012207e-01
9.469869732856750488e-01
9.459168910980224609e-01
9.457982182502746582e-01
9.458978176116943359e-01
9.454401135444641113e-01
9.448474645614624023e-01
9.441947340965270996e-01
9.440211057662963867e-01
9.433728456497192383e-01
9.431139826774597168e-01
9.432044029235839844e-01
9.432935118675231934e-01
9.428415894508361816e-01
9.422929286956787109e-01
9.429153203964233398e-01
9.422705769538879395e-01
9.429255723953247070e-01
9.428343772888183594e-01
9.425536394119262695e-01
9.424057006835937500e-01
9.417030811309814453e-01
9.429638981819152832e-01
9.423518180847167969e-01
9.420513510704040527e-01
9.421895742416381836e-01
