1.951097249984741211e+00
1.604353785514831543e+00
1.477015256881713867e+00
1.412072777748107910e+00
1.381447315216064453e+00
1.354336023330688477e+00
1.336662173271179199e+00
1.324431061744689941e+00
1.303996801376342773e+00
1.285465598106384277e+00
1.267965555191040039e+00
1.255126118659973145e+00
1.240870237350463867e+00
1.234027981758117676e+00
1.221821546554565430e+00
1.215918779373168945e+00
1.207077622413635254e+00
1.196805000305175781e+00
1.194102048873901367e+00
1.183573961257934570e+00
1.180014967918395996e+00
1.171047329902648926e+00
1.164725303649902344e+00
1.157147526741027832e+00
1.152122020721435547e+00
1.133007168769836426e+00
1.128137946128845215e+00
1.128241777420043945e+00
1.124263525009155273e+00
1.121392965316772461e+00
1.116690754890441895e+00
1.113227367401123047e+00
1.114493489265441895e+00
1.109038114547729492e+00
1.106048226356506348e+00
1.103203177452087402e+00
1.099948644638061523e+00
1.098261713981628418e+00
1.094786405563354492e+00
1.084885716438293457e+00
1.084622621536254883e+00
1.081528544425964355e+00
1.083052039146423340e+00
1.080330491065979004e+00
1.079613804817199707e+00
1.077963829040527344e+00
1.077319502830505371e+00
1.074483513832092285e+00
1.073271632194519043e+00
1.074145436286926270e+00
1.072275042533874512e+00
1.071603178977966309e+00
1.071105122566223145e+00
1.068453431129455566e+00
1.069799900054931641e+00
1.067247867584228516e+00
1.066533565521240234e+00
1.061016798019409180e+00
1.058709740638732910e+00
1.059124827384948730e+00
1.058895826339721680e+00
1.058234930038452148e+00
1.057932615280151367e+00
1.056032419204711914e+00
1.055777549743652344e+00
1.055490493774414062e+00
1.056173801422119141e+00
1.052367687225341797e+00
1.052329897880554199e+00
1.052132725715637207e+00
1.052029609680175781e+00
1.050186395645141602e+00
1.050571918487548828e+00
1.051254510879516602e+00
1.051013231277465820e+00
1.050713777542114258e+00
1.049776673316955566e+00
1.049298286437988281e+00
1.049426794052124023e+00
1.049143910408020020e+00
1.048675775527954102e+00
1.048892736434936523e+00
1.046911716461181641e+00
1.046068906784057617e+00
1.046014666557312012e+00
1.046314954757690430e+00
1.046018719673156738e+00
1.045628428459167480e+00
1.045186758041381836e+00
1.044800996780395508e+00
1.044514894485473633e+00
1.045693993568420410e+00
1.044459700584411621e+00
1.045218586921691895e+00
1.044067621231079102e+00
1.045314788818359375e+00
1.044290304183959961e+00
1.043895483016967773e+00
1.043532967567443848e+00
1.044728875160217285e+00
1.043221235275268555e+00
1.042931795120239258e+00
1.043502092361450195e+00
1.043593406677246094e+00
1.044171214103698730e+00
1.043477773666381836e+00
1.044427871704101562e+00
