2.828333377838134766e-01
4.068106114864349365e-01
4.482348561286926270e-01
4.656969606876373291e-01
4.737045466899871826e-01
4.825984835624694824e-01
4.917878806591033936e-01
4.963181912899017334e-01
5.079621076583862305e-01
5.180833339691162109e-01
5.267727375030517578e-01
5.342045426368713379e-01
5.396136641502380371e-01
5.421136617660522461e-01
5.478712320327758789e-01
5.488106012344360352e-01
5.540757775306701660e-01
5.589014887809753418e-01
5.590909123420715332e-01
5.640530586242675781e-01
5.665151476860046387e-01
5.715454816818237305e-01
5.747651457786560059e-01
5.778181552886962891e-01
5.804242491722106934e-01
5.876136422157287598e-01
5.894848704338073730e-01
5.892954468727111816e-01
5.901287794113159180e-01
5.908485054969787598e-01
5.925151705741882324e-01
5.931590795516967773e-01
5.928182005882263184e-01
5.945000052452087402e-01
5.946288108825683594e-01
5.963030457496643066e-01
5.974090695381164551e-01
5.985757708549499512e-01
5.986818075180053711e-01
6.021515130996704102e-01
6.026060581207275391e-01
6.040076017379760742e-01
6.029166579246520996e-01
6.028636097908020020e-01
6.049772500991821289e-01
6.042878627777099609e-01
6.059242486953735352e-01
6.059469580650329590e-01
6.074772477149963379e-01
6.062727570533752441e-01
6.061893701553344727e-01
6.064696907997131348e-01
6.072424054145812988e-01
6.074696779251098633e-01
6.074772477149963379e-01
6.085833311080932617e-01
6.076060533523559570e-01
6.104848384857177734e-01
6.116666793823242188e-01
6.103560328483581543e-01
6.109393835067749023e-01
6.111817955970764160e-01
6.109015345573425293e-01
6.130076050758361816e-01
6.113181710243225098e-01
6.121969819068908691e-01
6.120833158493041992e-01
6.131439208984375000e-01
6.128863692283630371e-01
6.121060848236083984e-01
6.130681633949279785e-01
6.148636341094970703e-01
6.142120957374572754e-01
6.132045388221740723e-01
6.135454773902893066e-01
6.132802963256835938e-01
6.140833497047424316e-01
6.130227446556091309e-01
6.147803068161010742e-01
6.130530238151550293e-01
6.139469742774963379e-01
6.137878894805908203e-01
6.147196888923645020e-01
6.152045726776123047e-01
6.145606040954589844e-01
6.154166460037231445e-01
6.156136393547058105e-01
6.151211857795715332e-01
6.160908937454223633e-01
6.159242391586303711e-01
6.159697175025939941e-01
6.160757541656494141e-01
6.156591176986694336e-01
6.154696941375732422e-01
6.158409118652343750e-01
6.152499914169311523e-01
6.154242157936096191e-01
6.169242262840270996e-01
6.155909299850463867e-01
6.152954697608947754e-01
6.161515116691589355e-01
6.158711910247802734e-01
6.148863434791564941e-01
6.164166927337646484e-01
6.152954697608947754e-01
6.161894202232360840e-01
6.152348518371582031e-01
