2.014353990554809570e+00
1.508864998817443848e+00
1.444944024085998535e+00
1.426661252975463867e+00
1.408097743988037109e+00
1.391243219375610352e+00
1.376372337341308594e+00
1.359151124954223633e+00
1.343425035476684570e+00
1.331408619880676270e+00
1.322586059570312500e+00
1.318435549736022949e+00
1.312038421630859375e+00
1.306355118751525879e+00
1.303006649017333984e+00
1.300603508949279785e+00
1.295156240463256836e+00
1.291956901550292969e+00
1.288687705993652344e+00
1.286568164825439453e+00
1.281737208366394043e+00
1.280239105224609375e+00
1.276763916015625000e+00
1.273140788078308105e+00
1.271610975265502930e+00
1.268363714218139648e+00
1.265202164649963379e+00
1.263438105583190918e+00
1.260109424591064453e+00
1.259086847305297852e+00
1.255367517471313477e+00
1.253829240798950195e+00
1.250407934188842773e+00
1.249006628990173340e+00
1.246964216232299805e+00
1.243312597274780273e+00
1.242398500442504883e+00
1.240968227386474609e+00
1.237649083137512207e+00
1.234848141670227051e+00
1.232430338859558105e+00
1.229901671409606934e+00
1.216554284095764160e+00
1.213748097419738770e+00
1.213310241699218750e+00
1.211866736412048340e+00
1.209923028945922852e+00
1.208634257316589355e+00
1.207492351531982422e+00
1.206016778945922852e+00
1.203681230545043945e+00
1.204071402549743652e+00
1.202557086944580078e+00
1.201145887374877930e+00
1.198935151100158691e+00
1.197990894317626953e+00
1.189833164215087891e+00
1.189115762710571289e+00
1.189120173454284668e+00
1.187112689018249512e+00
1.186469435691833496e+00
1.185672521591186523e+00
1.184230804443359375e+00
1.184406280517578125e+00
1.183497786521911621e+00
1.182328104972839355e+00
1.181373000144958496e+00
1.180418252944946289e+00
1.180262565612792969e+00
1.179507732391357422e+00
1.179056525230407715e+00
1.174206018447875977e+00
1.172592163085937500e+00
1.173096179962158203e+00
1.172276377677917480e+00
1.172011971473693848e+00
1.171759963035583496e+00
1.171172738075256348e+00
1.170942902565002441e+00
1.170381307601928711e+00
1.169479250907897949e+00
1.169379711151123047e+00
1.169759273529052734e+00
1.168245553970336914e+00
1.168389558792114258e+00
1.168052434921264648e+00
1.167521476745605469e+00
1.167337894439697266e+00
1.164926767349243164e+00
1.164728403091430664e+00
1.163840770721435547e+00
1.163723945617675781e+00
1.163298726081848145e+00
1.163455605506896973e+00
1.162974834442138672e+00
1.162109255790710449e+00
1.161784172058105469e+00
1.160706520080566406e+00
1.161994338035583496e+00
1.160950183868408203e+00
1.161002278327941895e+00
1.160773515701293945e+00
1.161157131195068359e+00
1.161584973335266113e+00
1.160773754119873047e+00
1.159918069839477539e+00
1.159973382949829102e+00
1.159584164619445801e+00
1.159156918525695801e+00
1.158690690994262695e+00
1.160466909408569336e+00
1.159781098365783691e+00
1.159590959548950195e+00
1.159617781639099121e+00
1.159149050712585449e+00
1.159851431846618652e+00
1.160170078277587891e+00
1.158069133758544922e+00
1.158750414848327637e+00
1.159032821655273438e+00
1.158790588378906250e+00
1.158884048461914062e+00
1.159562826156616211e+00
1.159028530120849609e+00
1.158640861511230469e+00
1.158094644546508789e+00
1.158916711807250977e+00
1.158860325813293457e+00
1.158883213996887207e+00
