2.576704621315002441e-01
4.245909154415130615e-01
4.444999992847442627e-01
4.497348368167877197e-01
4.583446979522705078e-01
4.680454432964324951e-01
4.771969616413116455e-01
4.886666536331176758e-01
4.969734847545623779e-01
5.015738606452941895e-01
5.050947070121765137e-01
5.071439146995544434e-01
5.088409185409545898e-01
5.115587115287780762e-01
5.120890140533447266e-01
5.134261250495910645e-01
5.157821774482727051e-01
5.172878503799438477e-01
5.179678201675415039e-01
5.186913013458251953e-01
5.202954411506652832e-01
5.219678282737731934e-01
5.233011245727539062e-01
5.247784256935119629e-01
5.250473618507385254e-01
5.258371233940124512e-01
5.280151367187500000e-01
5.285265445709228516e-01
5.299981236457824707e-01
5.305625200271606445e-01
5.321136116981506348e-01
5.335549116134643555e-01
5.348466038703918457e-01
5.361382365226745605e-01
5.365492701530456543e-01
5.389280319213867188e-01
5.397197008132934570e-01
5.396742224693298340e-01
5.420530438423156738e-01
5.435454249382019043e-01
5.437746047973632812e-01
5.460113883018493652e-01
5.519962310791015625e-01
5.530056953430175781e-01
5.532064437866210938e-01
5.537973642349243164e-01
5.551136136054992676e-01
5.559337139129638672e-01
5.563712120056152344e-01
5.576931834220886230e-01
5.585094690322875977e-01
5.581515431404113770e-01
5.588011145591735840e-01
5.594071745872497559e-01
5.608295202255249023e-01
5.611439347267150879e-01
5.651836991310119629e-01
5.658408999443054199e-01
5.651003718376159668e-01
5.661326050758361816e-01
5.660303235054016113e-01
5.670359730720520020e-01
5.674052834510803223e-01
5.678958296775817871e-01
5.683352351188659668e-01
5.687121152877807617e-01
5.689734816551208496e-01
5.701780319213867188e-01
5.693807005882263184e-01
5.702235102653503418e-01
5.699583292007446289e-01
5.720435380935668945e-01
5.731988549232482910e-01
5.726307034492492676e-01
5.733541846275329590e-01
5.731363892555236816e-01
5.734185576438903809e-01
5.736818313598632812e-01
5.736287832260131836e-01
5.735852122306823730e-01
5.738731026649475098e-01
5.743125081062316895e-01
5.743257403373718262e-01
5.746003985404968262e-01
5.750416517257690430e-01
5.752196907997131348e-01
5.752632617950439453e-01
5.752632617950439453e-01
5.764753818511962891e-01
5.771079659461975098e-01
5.768674015998840332e-01
5.767784118652343750e-01
5.768485069274902344e-01
5.776913166046142578e-01
5.768125057220458984e-01
5.781912803649902344e-01
5.775871276855468750e-01
5.783958435058593750e-01
5.775586962699890137e-01
5.783238410949707031e-01
5.782348513603210449e-01
5.780208110809326172e-01
5.779848694801330566e-01
5.778333544731140137e-01
5.784280300140380859e-01
5.785795450210571289e-01
5.790227055549621582e-01
5.784545540809631348e-01
5.788447260856628418e-01
5.788143873214721680e-01
5.786004066467285156e-01
5.785359740257263184e-01
5.794034004211425781e-01
5.785132646560668945e-01
5.790966153144836426e-01
5.785852074623107910e-01
5.788352489471435547e-01
5.787083506584167480e-01
5.790132284164428711e-01
5.791590809822082520e-01
5.792443156242370605e-01
5.790189504623413086e-01
5.790530443191528320e-01
5.787632465362548828e-01
5.796723365783691406e-01
5.794981122016906738e-01
5.789128541946411133e-01
5.787954330444335938e-01
5.790473222732543945e-01
