2.170337677001953125e+00
2.033298015594482422e+00
1.862144947052001953e+00
1.687069654464721680e+00
1.569427013397216797e+00
1.498159289360046387e+00
1.445561051368713379e+00
1.406598567962646484e+00
1.380199790000915527e+00
1.357772350311279297e+00
1.340057611465454102e+00
1.325212717056274414e+00
1.313583016395568848e+00
1.309165596961975098e+00
1.301654696464538574e+00
1.290581703186035156e+00
1.282589077949523926e+00
1.279907464981079102e+00
1.272694230079650879e+00
1.268200039863586426e+00
1.267246127128601074e+00
1.261374235153198242e+00
1.258443832397460938e+00
1.253905177116394043e+00
1.250157833099365234e+00
1.247747659683227539e+00
1.243985533714294434e+00
1.240861296653747559e+00
1.239610910415649414e+00
1.237559318542480469e+00
1.233588218688964844e+00
1.227524280548095703e+00
1.224962234497070312e+00
1.221224308013916016e+00
1.217050552368164062e+00
1.215119004249572754e+00
1.211279273033142090e+00
1.207359910011291504e+00
1.213223934173583984e+00
1.206120848655700684e+00
1.197779655456542969e+00
1.197168588638305664e+00
1.193941593170166016e+00
1.191299676895141602e+00
1.190712571144104004e+00
1.189439773559570312e+00
1.184384346008300781e+00
1.174890398979187012e+00
1.174329996109008789e+00
1.172646760940551758e+00
1.171062111854553223e+00
1.171457529067993164e+00
1.170483827590942383e+00
1.167952895164489746e+00
1.168224573135375977e+00
1.166946649551391602e+00
1.165743947029113770e+00
1.164344787597656250e+00
1.163760304450988770e+00
1.163022756576538086e+00
1.160876393318176270e+00
1.160527706146240234e+00
1.161004662513732910e+00
1.159300684928894043e+00
1.158351540565490723e+00
1.158407330513000488e+00
1.156669259071350098e+00
1.158143043518066406e+00
1.156170129776000977e+00
1.155151605606079102e+00
1.154288172721862793e+00
1.153607606887817383e+00
1.152542233467102051e+00
1.152520298957824707e+00
1.151144623756408691e+00
1.149778485298156738e+00
1.148944139480590820e+00
1.147846460342407227e+00
1.148869276046752930e+00
1.147706508636474609e+00
1.146056294441223145e+00
1.147161841392517090e+00
1.144288897514343262e+00
1.144360542297363281e+00
1.143888354301452637e+00
1.142321348190307617e+00
1.143142938613891602e+00
1.143519639968872070e+00
1.141194701194763184e+00
1.140244841575622559e+00
1.139357924461364746e+00
1.139431953430175781e+00
1.139486193656921387e+00
1.138326168060302734e+00
1.137390494346618652e+00
1.136535525321960449e+00
1.135723471641540527e+00
1.134636759757995605e+00
1.129565238952636719e+00
1.128663182258605957e+00
1.128777027130126953e+00
1.128586173057556152e+00
1.127925992012023926e+00
1.127730369567871094e+00
1.127190589904785156e+00
1.124371647834777832e+00
1.123345613479614258e+00
1.122925400733947754e+00
1.124182939529418945e+00
1.122635006904602051e+00
1.122836351394653320e+00
1.123194932937622070e+00
1.122361063957214355e+00
1.122468829154968262e+00
1.122828960418701172e+00
1.121480703353881836e+00
1.121321678161621094e+00
1.120643615722656250e+00
1.119849562644958496e+00
1.119681715965270996e+00
1.119962930679321289e+00
1.120073914527893066e+00
1.119398832321166992e+00
1.118866205215454102e+00
1.118569850921630859e+00
1.118530392646789551e+00
1.117945790290832520e+00
1.117890357971191406e+00
1.117629408836364746e+00
1.117517828941345215e+00
1.117901325225830078e+00
1.117636203765869141e+00
1.117509007453918457e+00
1.117592930793762207e+00
1.118117213249206543e+00
1.117924571037292480e+00
1.117685556411743164e+00
1.118186354637145996e+00
1.117491602897644043e+00
1.116992473602294922e+00
1.117345333099365234e+00
1.117836236953735352e+00
1.117027163505554199e+00
1.117406249046325684e+00
1.117004871368408203e+00
1.116136789321899414e+00
1.116973519325256348e+00
1.116559505462646484e+00
1.116458296775817871e+00
1.117373824119567871e+00
1.116121292114257812e+00
