1.888787895441055298e-01
2.559318244457244873e-01
3.200151622295379639e-01
3.853181898593902588e-01
4.216515123844146729e-01
4.415605962276458740e-01
4.575757682323455811e-01
4.690227210521697998e-01
4.761894047260284424e-01
4.818105995655059814e-01
4.864318072795867920e-01
4.908030331134796143e-01
4.948030412197113037e-01
4.968106150627136230e-01
4.998560547828674316e-01
5.039015412330627441e-01
5.071666836738586426e-01
5.071439146995544434e-01
5.111742615699768066e-01
5.134696960449218750e-01
5.143636465072631836e-01
5.156060457229614258e-01
5.189166665077209473e-01
5.214015245437622070e-01
5.215530395507812500e-01
5.232878923416137695e-01
5.258787870407104492e-01
5.270075798034667969e-01
5.273106098175048828e-01
5.297651290893554688e-01
5.317424535751342773e-01
5.332878828048706055e-01
5.350757837295532227e-01
5.378636121749877930e-01
5.399469733238220215e-01
5.416439175605773926e-01
5.437272787094116211e-01
5.459242463111877441e-01
5.437878966331481934e-01
5.468333363533020020e-01
5.505909323692321777e-01
5.502803325653076172e-01
5.531363487243652344e-01
5.537196993827819824e-01
5.536515116691589355e-01
5.543030500411987305e-01
5.555076003074645996e-01
5.605454444885253906e-01
5.610151290893554688e-01
5.610757470130920410e-01
5.631969571113586426e-01
5.618030428886413574e-01
5.623409152030944824e-01
5.637196898460388184e-01
5.635985136032104492e-01
5.651439428329467773e-01
5.649924278259277344e-01
5.654621124267578125e-01
5.663484930992126465e-01
5.664393901824951172e-01
5.668181777000427246e-01
5.662500262260437012e-01
5.669621229171752930e-01
5.678181648254394531e-01
5.679469704627990723e-01
5.678333044052124023e-01
5.692348480224609375e-01
5.689469575881958008e-01
5.688863396644592285e-01
5.693257451057434082e-01
5.695454478263854980e-01
5.705075860023498535e-01
5.703030228614807129e-01
5.710605978965759277e-01
5.713409185409545898e-01
5.724621415138244629e-01
5.725908875465393066e-01
5.732499957084655762e-01
5.723560452461242676e-01
5.733712315559387207e-01
5.740000009536743164e-01
5.743030309677124023e-01
5.745605826377868652e-01
5.743257403373718262e-01
5.748409032821655273e-01
5.761818289756774902e-01
5.755530595779418945e-01
5.754166841506958008e-01
5.775227546691894531e-01
5.764621496200561523e-01
5.766288042068481445e-01
5.777272582054138184e-01
5.774999856948852539e-01
5.784318447113037109e-01
5.784318447113037109e-01
5.791590809822082520e-01
5.792878866195678711e-01
5.803257822990417480e-01
5.823939442634582520e-01
5.828636288642883301e-01
5.819696784019470215e-01
5.834772586822509766e-01
5.834015011787414551e-01
5.836136341094970703e-01
5.838030576705932617e-01
5.854848623275756836e-01
5.847424268722534180e-01
5.852575898170471191e-01
5.849848389625549316e-01
5.856969952583312988e-01
5.858560800552368164e-01
5.845454335212707520e-01
5.852878689765930176e-01
5.852500200271606445e-01
5.860000252723693848e-01
5.877878665924072266e-01
5.863333344459533691e-01
5.869318246841430664e-01
5.869166851043701172e-01
5.873863697052001953e-01
5.871287584304809570e-01
5.867651700973510742e-01
5.873712301254272461e-01
5.869924426078796387e-01
5.874394178390502930e-01
5.872499942779541016e-01
5.878636240959167480e-01
5.883485078811645508e-01
5.877727270126342773e-01
5.885378718376159668e-01
5.880757570266723633e-01
5.878560543060302734e-01
5.880908966064453125e-01
5.887272953987121582e-01
5.877802968025207520e-01
5.892575979232788086e-01
5.875757336616516113e-01
5.881515145301818848e-01
5.877802968025207520e-01
5.881212353706359863e-01
5.888106226921081543e-01
5.879848599433898926e-01
5.885378718376159668e-01
5.883560776710510254e-01
5.886969566345214844e-01
5.886211991310119629e-01
5.888106226921081543e-01
5.880151391029357910e-01
5.884394049644470215e-01
5.879697203636169434e-01
5.894696712493896484e-01
