1.352727264165878296e-01
1.922045499086380005e-01
2.545984983444213867e-01
3.187499940395355225e-01
3.702045381069183350e-01
4.006969630718231201e-01
4.243636429309844971e-01
4.408787786960601807e-01
4.520984888076782227e-01
4.611136317253112793e-01
4.664318263530731201e-01
4.716363549232482910e-01
4.731363654136657715e-01
4.789621233940124512e-01
4.802878797054290771e-01
4.827954471111297607e-01
4.844999909400939941e-01
4.860606193542480469e-01
4.876060485839843750e-01
4.874924123287200928e-01
4.891742467880249023e-01
4.907424151897430420e-01
4.909545481204986572e-01
4.930833280086517334e-01
4.935909211635589600e-01
4.939469695091247559e-01
4.956060647964477539e-01
4.962878823280334473e-01
4.963636398315429688e-01
4.965378642082214355e-01
4.977878928184509277e-01
4.987727403640747070e-01
4.994242489337921143e-01
5.008712410926818848e-01
5.004166960716247559e-01
5.008333325386047363e-01
5.015606284141540527e-01
5.023711919784545898e-01
5.031666755676269531e-01
5.036514997482299805e-01
5.038030147552490234e-01
5.041136145591735840e-01
5.038712024688720703e-01
5.055984854698181152e-01
5.053712129592895508e-01
5.047802925109863281e-01
5.066590905189514160e-01
5.064924359321594238e-01
5.062045454978942871e-01
5.084469914436340332e-01
5.084545612335205078e-01
5.084242224693298340e-01
5.079848766326904297e-01
5.087803006172180176e-01
5.082651376724243164e-01
5.088939666748046875e-01
5.102954506874084473e-01
5.104091167449951172e-01
5.100303292274475098e-01
5.098409056663513184e-01
5.125227570533752441e-01
5.115151405334472656e-01
5.120757818222045898e-01
5.129242539405822754e-01
5.127803087234497070e-01
5.121666789054870605e-01
5.121818184852600098e-01
5.138257741928100586e-01
5.148712396621704102e-01
5.135605931282043457e-01
5.137500166893005371e-01
5.148409008979797363e-01
5.151439309120178223e-01
5.157954692840576172e-01
5.155757665634155273e-01
5.162802934646606445e-01
5.172045230865478516e-01
5.172045230865478516e-01
5.166894197463989258e-01
5.193560719490051270e-01
5.184924006462097168e-01
5.189621448516845703e-01
5.184772610664367676e-01
5.189166665077209473e-01
5.203030109405517578e-01
5.199090838432312012e-01
5.212500095367431641e-01
5.206288099288940430e-01
5.219014883041381836e-01
5.223257541656494141e-01
5.236136317253112793e-01
5.232197046279907227e-01
5.240606069564819336e-01
5.247727036476135254e-01
5.252348780632019043e-01
5.262878537178039551e-01
5.265454649925231934e-01
5.287348628044128418e-01
5.282803177833557129e-01
5.290757417678833008e-01
5.315985083580017090e-01
5.315985083580017090e-01
5.327500104904174805e-01
5.340681672096252441e-01
5.344924330711364746e-01
5.362879037857055664e-01
5.361666679382324219e-01
5.381742715835571289e-01
5.385606288909912109e-01
5.390757322311401367e-01
5.400909185409545898e-01
5.396439433097839355e-01
5.397651791572570801e-01
5.409848690032958984e-01
5.421817898750305176e-01
5.416666865348815918e-01
5.420454740524291992e-01
5.421894192695617676e-01
5.429848432540893555e-01
5.435833334922790527e-01
5.417802929878234863e-01
5.433787703514099121e-01
5.427651405334472656e-01
5.430833101272583008e-01
5.434848666191101074e-01
5.447878837585449219e-01
5.454242229461669922e-01
5.445075631141662598e-01
5.454015135765075684e-01
5.449091196060180664e-01
5.464848279953002930e-01
5.460757613182067871e-01
5.469015240669250488e-01
5.455757379531860352e-01
5.461666584014892578e-01
5.460909008979797363e-01
5.469015240669250488e-01
5.467500090599060059e-01
5.474318265914916992e-01
5.475833415985107422e-01
5.479999780654907227e-01
5.470151305198669434e-01
5.477727055549621582e-01
5.477121472358703613e-01
5.483257770538330078e-01
5.466060638427734375e-01
5.486288070678710938e-01
5.486817955970764160e-01
5.477954745292663574e-01
5.494697093963623047e-01
5.500530600547790527e-01
5.488181710243225098e-01
5.492196679115295410e-01
5.503560900688171387e-01
5.494848489761352539e-01
5.493939518928527832e-01
5.492500066757202148e-01
5.498939156532287598e-01
5.500075817108154297e-01
5.496363639831542969e-01
5.512575507164001465e-01
5.496969819068908691e-01
5.503636598587036133e-01
5.517651438713073730e-01
5.509242415428161621e-01
5.515075922012329102e-01
5.536666512489318848e-01
5.536212325096130371e-01
5.543106198310852051e-01
5.548181533813476562e-01
5.551818013191223145e-01
5.540530085563659668e-01
5.543863773345947266e-01
5.549696683883666992e-01
5.545908808708190918e-01
5.548636317253112793e-01
5.551969408988952637e-01
5.541439652442932129e-01
5.538939237594604492e-01
5.554621219635009766e-01
5.548712015151977539e-01
5.545757412910461426e-01
5.546894073486328125e-01
5.553636550903320312e-01
5.546742677688598633e-01
5.545227527618408203e-01
5.546818375587463379e-01
5.550833344459533691e-01
5.549166798591613770e-01
5.549393892288208008e-01
5.552726984024047852e-01
5.553030371665954590e-01
5.553939342498779297e-01
5.554924011230468750e-01
5.557802915573120117e-01
5.558409094810485840e-01
5.563181638717651367e-01
5.560151338577270508e-01
5.568408966064453125e-01
5.559545159339904785e-01
5.557272434234619141e-01
5.550530552864074707e-01
5.556363463401794434e-01
5.558030009269714355e-01
5.558106303215026855e-01
5.554090738296508789e-01
5.563636422157287598e-01
5.560833215713500977e-01
5.562727451324462891e-01
5.556666851043701172e-01
5.557802915573120117e-01
5.565454363822937012e-01
5.567879080772399902e-01
5.560908913612365723e-01
5.558711886405944824e-01
5.566969513893127441e-01
5.557272434234619141e-01
5.567272901535034180e-01
5.558939576148986816e-01
5.557045340538024902e-01
5.565378665924072266e-01
5.558939576148986816e-01
5.563181638717651367e-01
5.560302734375000000e-01
5.555833578109741211e-01
5.567651391029357910e-01
5.555833578109741211e-01
5.562424063682556152e-01
5.565757751464843750e-01
5.566969513893127441e-01
5.564848780632019043e-01
5.553560853004455566e-01
5.562045574188232422e-01
5.556742548942565918e-01
5.558560490608215332e-01
5.561212301254272461e-01
5.559772849082946777e-01
5.561287999153137207e-01
5.564469695091247559e-01
5.566515326499938965e-01
5.566818118095397949e-01
5.562424063682556152e-01
5.567197203636169434e-01
5.560454726219177246e-01
5.560302734375000000e-01
5.567802786827087402e-01
5.570757389068603516e-01
5.565530061721801758e-01
5.563485026359558105e-01
5.563560724258422852e-01
5.554166436195373535e-01
5.561666488647460938e-01
5.571514964103698730e-01
5.565454363822937012e-01
5.567121505737304688e-01
5.564848780632019043e-01
5.569317936897277832e-01
5.566363930702209473e-01
5.553408861160278320e-01
5.565682053565979004e-01
5.557121038436889648e-01
5.561060309410095215e-01
5.556893944740295410e-01
5.557121038436889648e-01
5.564014911651611328e-01
5.564772486686706543e-01
5.563181638717651367e-01
5.561515092849731445e-01
5.558333396911621094e-01
5.552348494529724121e-01
5.564924478530883789e-01
5.559318065643310547e-01
5.568939447402954102e-01
5.556439161300659180e-01
5.553636550903320312e-01
5.575075745582580566e-01
5.566287636756896973e-01
5.563030242919921875e-01
5.564772486686706543e-01
5.565909147262573242e-01
5.562576055526733398e-01
5.564091205596923828e-01
5.563787817955017090e-01
5.563787817955017090e-01
5.563560724258422852e-01
5.561287999153137207e-01
5.560833215713500977e-01
5.566969513893127441e-01
5.558106303215026855e-01
5.559772849082946777e-01
5.561212301254272461e-01
5.562196969985961914e-01
5.557651519775390625e-01
5.564772486686706543e-01
5.559999942779541016e-01
5.562878847122192383e-01
5.563333630561828613e-01
5.561136603355407715e-01
5.568939447402954102e-01
5.562878847122192383e-01
5.559999942779541016e-01
5.552651286125183105e-01
5.563485026359558105e-01
5.564469695091247559e-01
5.557424426078796387e-01
5.556363463401794434e-01
5.561287999153137207e-01
5.563712120056152344e-01
5.559166669845581055e-01
5.568636655807495117e-01
5.569772720336914062e-01
5.560833215713500977e-01
5.566666722297668457e-01
5.565151572227478027e-01
5.555076003074645996e-01
5.558863878250122070e-01
5.563105940818786621e-01
5.566136240959167480e-01
5.565530061721801758e-01
5.571136474609375000e-01
5.554318428039550781e-01
5.562651753425598145e-01
5.571136474609375000e-01
5.561590790748596191e-01
5.570909380912780762e-01
5.554621219635009766e-01
5.561817884445190430e-01
5.566742420196533203e-01
5.557802915573120117e-01
5.566591024398803711e-01
5.556742548942565918e-01
5.575302839279174805e-01
5.562878847122192383e-01
5.566893815994262695e-01
5.562727451324462891e-01
