2.380017280578613281e+00
2.237371683120727539e+00
2.074897050857543945e+00
1.868476271629333496e+00
1.720335125923156738e+00
1.631067156791687012e+00
1.551995635032653809e+00
1.493019461631774902e+00
1.452228069305419922e+00
1.421312093734741211e+00
1.401632905006408691e+00
1.386452078819274902e+00
1.374362945556640625e+00
1.362231731414794922e+00
1.354139208793640137e+00
1.346695184707641602e+00
1.341948986053466797e+00
1.336624145507812500e+00
1.332506299018859863e+00
1.328116059303283691e+00
1.323422193527221680e+00
1.321145057678222656e+00
1.316891908645629883e+00
1.314388871192932129e+00
1.311234712600708008e+00
1.308344364166259766e+00
1.305246710777282715e+00
1.303290486335754395e+00
1.300677895545959473e+00
1.299708604812622070e+00
1.297382473945617676e+00
1.295551657676696777e+00
1.293275594711303711e+00
1.290961980819702148e+00
1.290862441062927246e+00
1.288549900054931641e+00
1.286228418350219727e+00
1.284753561019897461e+00
1.284676909446716309e+00
1.282738924026489258e+00
1.282437086105346680e+00
1.280526041984558105e+00
1.279016375541687012e+00
1.278017044067382812e+00
1.276864886283874512e+00
1.275804758071899414e+00
1.274845361709594727e+00
1.274343967437744141e+00
1.272746324539184570e+00
1.271183252334594727e+00
1.270539164543151855e+00
1.269050717353820801e+00
1.269873857498168945e+00
1.266892075538635254e+00
1.267653703689575195e+00
1.266921281814575195e+00
1.265470623970031738e+00
1.264797687530517578e+00
1.263562560081481934e+00
1.263203859329223633e+00
1.261401176452636719e+00
1.261793971061706543e+00
1.260234236717224121e+00
1.260814666748046875e+00
1.260154604911804199e+00
1.258761048316955566e+00
1.258178353309631348e+00
1.256996631622314453e+00
1.256929636001586914e+00
1.257113933563232422e+00
1.256248712539672852e+00
1.255082964897155762e+00
1.254448175430297852e+00
1.253876447677612305e+00
1.254182577133178711e+00
1.252222180366516113e+00
1.252154469490051270e+00
1.251428604125976562e+00
1.251255989074707031e+00
1.249996304512023926e+00
1.249043345451354980e+00
1.248383045196533203e+00
1.247569084167480469e+00
1.247432231903076172e+00
1.246576666831970215e+00
1.246211647987365723e+00
1.245867848396301270e+00
1.245136499404907227e+00
1.244161605834960938e+00
1.242715001106262207e+00
1.242680072784423828e+00
1.242452979087829590e+00
1.241862177848815918e+00
1.240553617477416992e+00
1.240781426429748535e+00
1.238862633705139160e+00
1.238116025924682617e+00
1.235703110694885254e+00
1.235199928283691406e+00
1.235373258590698242e+00
1.232642173767089844e+00
1.232260704040527344e+00
1.231245398521423340e+00
1.229938387870788574e+00
1.229022979736328125e+00
1.227152109146118164e+00
1.226022005081176758e+00
1.224278688430786133e+00
1.223535776138305664e+00
1.222083091735839844e+00
1.220087885856628418e+00
1.220241308212280273e+00
1.219096899032592773e+00
1.217883110046386719e+00
1.217355132102966309e+00
1.217271089553833008e+00
1.215612888336181641e+00
1.215805172920227051e+00
1.214177131652832031e+00
1.213923335075378418e+00
1.213586091995239258e+00
1.211912393569946289e+00
1.212014079093933105e+00
1.211242914199829102e+00
1.210783362388610840e+00
1.209698557853698730e+00
1.208979845046997070e+00
1.208880901336669922e+00
1.208601355552673340e+00
1.208554983139038086e+00
1.206736207008361816e+00
1.206148624420166016e+00
1.205742835998535156e+00
1.206284523010253906e+00
1.205137968063354492e+00
1.205055356025695801e+00
1.204078674316406250e+00
1.203279256820678711e+00
1.203323364257812500e+00
1.202762603759765625e+00
1.202056646347045898e+00
1.201565742492675781e+00
1.200953602790832520e+00
1.201658725738525391e+00
1.201492428779602051e+00
1.201041221618652344e+00
1.199906229972839355e+00
1.198895215988159180e+00
1.199700117111206055e+00
1.198054194450378418e+00
1.197583079338073730e+00
1.198180556297302246e+00
1.197939753532409668e+00
1.196718692779541016e+00
1.197537422180175781e+00
1.196745157241821289e+00
1.196590900421142578e+00
1.195995450019836426e+00
1.194861292839050293e+00
1.195255756378173828e+00
1.194012284278869629e+00
1.194935202598571777e+00
1.193990349769592285e+00
1.193175077438354492e+00
1.192875981330871582e+00
1.193482279777526855e+00
1.187860131263732910e+00
1.188186287879943848e+00
1.187004685401916504e+00
1.186958909034729004e+00
1.186745762825012207e+00
1.187483787536621094e+00
1.186694741249084473e+00
1.186070799827575684e+00
1.187082529067993164e+00
1.187050342559814453e+00
1.186228871345520020e+00
1.186609506607055664e+00
1.185911297798156738e+00
1.186037898063659668e+00
1.185757517814636230e+00
1.185394644737243652e+00
1.185300111770629883e+00
1.185891985893249512e+00
1.185229182243347168e+00
1.184975624084472656e+00
1.185839176177978516e+00
1.185203313827514648e+00
1.185842990875244141e+00
1.185413360595703125e+00
1.185273408889770508e+00
1.184269547462463379e+00
1.184027433395385742e+00
1.184290051460266113e+00
1.184496641159057617e+00
1.184127926826477051e+00
1.184244394302368164e+00
1.183682441711425781e+00
1.183057308197021484e+00
1.183745741844177246e+00
1.183433294296264648e+00
1.184077024459838867e+00
1.183959007263183594e+00
1.183613538742065430e+00
1.185044288635253906e+00
1.184979796409606934e+00
1.183883666992187500e+00
1.183280348777770996e+00
1.183111906051635742e+00
1.184205055236816406e+00
1.183725953102111816e+00
1.182663440704345703e+00
1.183155179023742676e+00
1.184105277061462402e+00
1.183185458183288574e+00
1.183221697807312012e+00
1.183093905448913574e+00
1.183317422866821289e+00
1.183576107025146484e+00
1.183489680290222168e+00
1.183099746704101562e+00
1.183322548866271973e+00
1.182955741882324219e+00
1.183794498443603516e+00
1.183675289154052734e+00
1.183241009712219238e+00
1.183842778205871582e+00
1.183104872703552246e+00
1.182621479034423828e+00
1.183532476425170898e+00
1.182772278785705566e+00
1.183807015419006348e+00
1.182775974273681641e+00
1.183413267135620117e+00
1.183192729949951172e+00
1.183566093444824219e+00
1.182990074157714844e+00
1.182808041572570801e+00
1.182837724685668945e+00
1.183545827865600586e+00
1.183432221412658691e+00
1.183147549629211426e+00
1.183921694755554199e+00
1.183479070663452148e+00
1.182761788368225098e+00
1.182756185531616211e+00
1.182932257652282715e+00
1.183533310890197754e+00
1.183646917343139648e+00
1.183355569839477539e+00
1.183720946311950684e+00
1.182902574539184570e+00
1.183456182479858398e+00
1.182728648185729980e+00
1.182757854461669922e+00
1.183146357536315918e+00
1.182497620582580566e+00
1.183100700378417969e+00
1.183514475822448730e+00
1.182727932929992676e+00
1.182886481285095215e+00
1.183366417884826660e+00
1.182780027389526367e+00
1.184081673622131348e+00
1.183393001556396484e+00
1.183260798454284668e+00
1.183359265327453613e+00
1.183485150337219238e+00
1.183780550956726074e+00
1.183809638023376465e+00
1.183146119117736816e+00
1.183242082595825195e+00
1.182811379432678223e+00
1.183601379394531250e+00
1.183666110038757324e+00
1.182998061180114746e+00
1.182851791381835938e+00
1.183239340782165527e+00
1.183979511260986328e+00
1.183068394660949707e+00
1.183791995048522949e+00
1.183084011077880859e+00
1.183326125144958496e+00
1.183452129364013672e+00
1.183112502098083496e+00
1.184207201004028320e+00
1.183007597923278809e+00
1.183857440948486328e+00
1.182930827140808105e+00
1.184114813804626465e+00
1.182851672172546387e+00
1.183034539222717285e+00
1.183200716972351074e+00
1.183373093605041504e+00
1.182868719100952148e+00
1.183273673057556152e+00
1.184030294418334961e+00
1.183609485626220703e+00
1.182760953903198242e+00
1.183103680610656738e+00
1.183308124542236328e+00
1.183446288108825684e+00
1.183246016502380371e+00
1.183298826217651367e+00
1.183785557746887207e+00
1.182721972465515137e+00
1.183353781700134277e+00
1.183039188385009766e+00
1.183428525924682617e+00
1.183020949363708496e+00
1.182964682579040527e+00
1.183192729949951172e+00
1.183856844902038574e+00
1.183705210685729980e+00
1.183761000633239746e+00
1.182809948921203613e+00
1.183464884757995605e+00
1.182788610458374023e+00
1.183196306228637695e+00
1.182300806045532227e+00
1.183144450187683105e+00
1.182976245880126953e+00
1.182576179504394531e+00
1.183458089828491211e+00
1.183085083961486816e+00
1.183245897293090820e+00
1.183260321617126465e+00
1.183135986328125000e+00
1.183734416961669922e+00
1.183433532714843750e+00
1.183495044708251953e+00
1.183035492897033691e+00
1.183801293373107910e+00
1.182858109474182129e+00
1.183779954910278320e+00
