3.010227382183074951e-01
4.071969687938690186e-01
4.455606043338775635e-01
4.714090824127197266e-01
4.825378656387329102e-01
4.902954399585723877e-01
4.984545409679412842e-01
5.050302743911743164e-01
5.133408904075622559e-01
5.144318342208862305e-01
5.233333110809326172e-01
5.286515355110168457e-01
5.349923968315124512e-01
5.391969680786132812e-01
5.439621210098266602e-01
5.479924082756042480e-01
5.520681738853454590e-01
5.559848546981811523e-01
5.560833215713500977e-01
5.600227117538452148e-01
5.648182034492492676e-01
5.666742324829101562e-01
5.684999823570251465e-01
5.706211924552917480e-01
5.724772810935974121e-01
5.687500238418579102e-01
5.765530467033386230e-01
5.798181891441345215e-01
5.801363587379455566e-01
5.827500224113464355e-01
5.834772586822509766e-01
5.841590762138366699e-01
5.862196683883666992e-01
5.869014859199523926e-01
5.900227427482604980e-01
5.900530219078063965e-01
5.921363830566406250e-01
5.927045345306396484e-01
5.938106179237365723e-01
5.969924330711364746e-01
5.965833067893981934e-01
5.979999899864196777e-01
5.993030071258544922e-01
6.021212339401245117e-01
6.012499928474426270e-01
6.011060476303100586e-01
6.040378808975219727e-01
6.051060557365417480e-01
6.061515212059020996e-01
6.052045226097106934e-01
6.066969633102416992e-01
6.072878837585449219e-01
6.136817932128906250e-01
6.134091019630432129e-01
6.135984659194946289e-01
6.152651309967041016e-01
6.167348623275756836e-01
6.169317960739135742e-01
6.154015064239501953e-01
6.172878742218017578e-01
6.164545416831970215e-01
6.166136264801025391e-01
6.166363358497619629e-01
6.210303306579589844e-01
6.210151314735412598e-01
6.221818327903747559e-01
6.218560338020324707e-01
6.217272877693176270e-01
6.217879056930541992e-01
6.246818304061889648e-01
6.238409280776977539e-01
6.243560314178466797e-01
6.257045269012451172e-01
6.246818304061889648e-01
6.251969933509826660e-01
6.239545345306396484e-01
6.247121095657348633e-01
6.248560547828674316e-01
6.255000233650207520e-01
6.265227198600769043e-01
6.265151500701904297e-01
6.266742348670959473e-01
6.266211867332458496e-01
6.263409256935119629e-01
6.268257498741149902e-01
6.265681982040405273e-01
6.265454292297363281e-01
6.269015073776245117e-01
6.271742582321166992e-01
6.275302767753601074e-01
6.275757551193237305e-01
6.275530457496643066e-01
6.279242634773254395e-01
6.278333067893981934e-01
6.268408894538879395e-01
6.274697184562683105e-01
6.287121176719665527e-01
6.290227174758911133e-01
6.283106207847595215e-01
6.282802820205688477e-01
6.280530095100402832e-01
6.289545297622680664e-01
6.296363472938537598e-01
6.288181543350219727e-01
6.284166574478149414e-01
6.285227537155151367e-01
6.275530457496643066e-01
6.277878880500793457e-01
6.286439299583435059e-01
6.285530328750610352e-01
6.282575726509094238e-01
6.284772753715515137e-01
6.288181543350219727e-01
6.285227537155151367e-01
6.281439661979675293e-01
6.285530328750610352e-01
6.287727355957031250e-01
6.283257603645324707e-01
6.284317970275878906e-01
6.289696693420410156e-01
6.292575597763061523e-01
6.287045478820800781e-01
6.292726993560791016e-01
6.285908818244934082e-01
6.286439299583435059e-01
6.285454630851745605e-01
6.294545531272888184e-01
6.289545297622680664e-01
6.285151243209838867e-01
6.284015178680419922e-01
6.291288137435913086e-01
6.289242506027221680e-01
6.288257837295532227e-01
6.282954812049865723e-01
