1.894623160362243652e+00
1.575117588043212891e+00
1.475896835327148438e+00
1.393765211105346680e+00
1.362622618675231934e+00
1.344355583190917969e+00
1.328226089477539062e+00
1.318530678749084473e+00
1.304297566413879395e+00
1.304497241973876953e+00
1.285720229148864746e+00
1.274526953697204590e+00
1.263164877891540527e+00
1.251598715782165527e+00
1.242778062820434570e+00
1.234912037849426270e+00
1.222559332847595215e+00
1.216612100601196289e+00
1.212886810302734375e+00
1.204527378082275391e+00
1.196745276451110840e+00
1.192127346992492676e+00
1.187088370323181152e+00
1.179990053176879883e+00
1.176081061363220215e+00
1.189172387123107910e+00
1.166644930839538574e+00
1.160257339477539062e+00
1.155674934387207031e+00
1.149778962135314941e+00
1.147893667221069336e+00
1.144671559333801270e+00
1.139389157295227051e+00
1.136044979095458984e+00
1.130738735198974609e+00
1.127989888191223145e+00
1.124064445495605469e+00
1.117665767669677734e+00
1.117149710655212402e+00
1.111544251441955566e+00
1.106724858283996582e+00
1.103642463684082031e+00
1.100582122802734375e+00
1.095083236694335938e+00
1.092690944671630859e+00
1.094328999519348145e+00
1.086311340332031250e+00
1.084790229797363281e+00
1.080254912376403809e+00
1.081437826156616211e+00
1.079455137252807617e+00
1.074584364891052246e+00
1.057051897048950195e+00
1.054891943931579590e+00
1.055564522743225098e+00
1.052054405212402344e+00
1.051213860511779785e+00
1.048752546310424805e+00
1.049150347709655762e+00
1.046939015388488770e+00
1.047317385673522949e+00
1.047472119331359863e+00
1.044325470924377441e+00
1.034545779228210449e+00
1.035079717636108398e+00
1.031324148178100586e+00
1.032419562339782715e+00
1.031035184860229492e+00
1.031106472015380859e+00
1.023286938667297363e+00
1.025880813598632812e+00
1.024142742156982422e+00
1.024563789367675781e+00
1.023276090621948242e+00
1.022979140281677246e+00
1.023312926292419434e+00
1.023384451866149902e+00
1.022044181823730469e+00
1.021135449409484863e+00
1.018371462821960449e+00
1.019009709358215332e+00
1.017895698547363281e+00
1.020024180412292480e+00
1.017723560333251953e+00
1.018094301223754883e+00
1.017844438552856445e+00
1.017655849456787109e+00
1.017169475555419922e+00
1.016375899314880371e+00
1.015228390693664551e+00
1.015411496162414551e+00
1.015753865242004395e+00
1.015809416770935059e+00
1.015460014343261719e+00
1.014394402503967285e+00
1.013818860054016113e+00
1.013322949409484863e+00
1.014092564582824707e+00
1.014173626899719238e+00
1.014005303382873535e+00
1.014070749282836914e+00
1.013564467430114746e+00
1.012275934219360352e+00
1.013051748275756836e+00
1.013268113136291504e+00
1.013502001762390137e+00
1.014610409736633301e+00
1.014297723770141602e+00
1.013680338859558105e+00
1.014450669288635254e+00
1.014434695243835449e+00
1.012838840484619141e+00
1.012579560279846191e+00
1.013463139533996582e+00
1.013302326202392578e+00
1.013367414474487305e+00
1.013841390609741211e+00
1.013506054878234863e+00
1.013418555259704590e+00
1.012711524963378906e+00
1.012638211250305176e+00
1.012803673744201660e+00
1.012823462486267090e+00
1.013050556182861328e+00
1.013641238212585449e+00
1.012609004974365234e+00
1.011839270591735840e+00
1.013428568840026855e+00
1.014248847961425781e+00
1.013484835624694824e+00
1.013208150863647461e+00
1.012225627899169922e+00
1.012571811676025391e+00
1.014163136482238770e+00
