1.979425191879272461e+00
1.608496308326721191e+00
1.463763236999511719e+00
1.388429284095764160e+00
1.350304365158081055e+00
1.326934695243835449e+00
1.307138562202453613e+00
1.290399193763732910e+00
1.276394844055175781e+00
1.263885498046875000e+00
1.252037882804870605e+00
1.241826176643371582e+00
1.231949806213378906e+00
1.226213455200195312e+00
1.216842889785766602e+00
1.209564208984375000e+00
1.204152584075927734e+00
1.200360178947448730e+00
1.191907644271850586e+00
1.188710808753967285e+00
1.172433972358703613e+00
1.169077754020690918e+00
1.166468501091003418e+00
1.164155364036560059e+00
1.159531950950622559e+00
1.158724784851074219e+00
1.156898617744445801e+00
1.154288053512573242e+00
1.150355696678161621e+00
1.147897601127624512e+00
1.144677996635437012e+00
1.143850684165954590e+00
1.140744805335998535e+00
1.137668013572692871e+00
1.134204149246215820e+00
1.134107351303100586e+00
1.129751443862915039e+00
1.129068970680236816e+00
1.126612782478332520e+00
1.123040676116943359e+00
1.121270537376403809e+00
1.120099902153015137e+00
1.117333531379699707e+00
1.107424139976501465e+00
1.106624245643615723e+00
1.103576183319091797e+00
1.103253126144409180e+00
1.102437019348144531e+00
1.101260304450988770e+00
1.100275754928588867e+00
1.098042249679565430e+00
1.096686005592346191e+00
1.095959663391113281e+00
1.094711899757385254e+00
1.088861942291259766e+00
1.088296055793762207e+00
1.087215185165405273e+00
1.086040496826171875e+00
1.087176084518432617e+00
1.085236310958862305e+00
1.085651516914367676e+00
1.082809090614318848e+00
1.081601142883300781e+00
1.081047296524047852e+00
1.080021619796752930e+00
1.080329418182373047e+00
1.079390048980712891e+00
1.079640984535217285e+00
1.078348875045776367e+00
1.080194950103759766e+00
1.077597379684448242e+00
1.077519059181213379e+00
1.076056599617004395e+00
1.075139760971069336e+00
1.077105522155761719e+00
1.076524615287780762e+00
1.074913024902343750e+00
1.074640274047851562e+00
1.074548602104187012e+00
1.074581384658813477e+00
1.074584960937500000e+00
1.073510527610778809e+00
1.074782848358154297e+00
1.074696063995361328e+00
1.074406981468200684e+00
1.073607087135314941e+00
1.073259353637695312e+00
1.073484420776367188e+00
1.073060870170593262e+00
1.072563767433166504e+00
1.073442459106445312e+00
1.072874665260314941e+00
1.072864770889282227e+00
1.073051691055297852e+00
1.072483062744140625e+00
1.073183298110961914e+00
1.072602748870849609e+00
1.073925375938415527e+00
