2.729696929454803467e-01
4.048181772232055664e-01
4.543939530849456787e-01
4.777727127075195312e-01
4.906212091445922852e-01
5.014924407005310059e-01
5.110909342765808105e-01
5.183787941932678223e-01
5.256136655807495117e-01
5.313863754272460938e-01
5.372045636177062988e-01
5.421590805053710938e-01
5.475682020187377930e-01
5.502045750617980957e-01
5.540909171104431152e-01
5.567045211791992188e-01
5.599469542503356934e-01
5.615454316139221191e-01
5.648863911628723145e-01
5.668030381202697754e-01
5.737727284431457520e-01
5.747575759887695312e-01
5.760985016822814941e-01
5.756515264511108398e-01
5.785681605339050293e-01
5.793787837028503418e-01
5.797120928764343262e-01
5.817272663116455078e-01
5.828863382339477539e-01
5.837273001670837402e-01
5.850227475166320801e-01
5.843863487243652344e-01
5.866287946701049805e-01
5.876742601394653320e-01
5.879015326499938965e-01
5.873712301254272461e-01
5.906212329864501953e-01
5.888788104057312012e-01
5.915075540542602539e-01
5.917954444885253906e-01
5.929015278816223145e-01
5.926287770271301270e-01
5.939015150070190430e-01
5.980606079101562500e-01
5.976287722587585449e-01
6.001666784286499023e-01
5.991363525390625000e-01
5.994166731834411621e-01
5.993711948394775391e-01
5.997727513313293457e-01
6.001287698745727539e-01
6.017878651618957520e-01
6.008181571960449219e-01
6.021439433097839355e-01
6.043787598609924316e-01
6.045454740524291992e-01
6.044469475746154785e-01
6.043711900711059570e-01
6.036136150360107422e-01
6.051591038703918457e-01
6.055151224136352539e-01
6.057651638984680176e-01
6.061439514160156250e-01
6.067121028900146484e-01
6.073030233383178711e-01
6.067045331001281738e-01
6.064772605895996094e-01
6.060227155685424805e-01
6.074318289756774902e-01
6.065681576728820801e-01
6.070681810379028320e-01
6.080454587936401367e-01
6.081060767173767090e-01
6.088560819625854492e-01
6.075682044029235840e-01
6.084772944450378418e-01
6.084469556808471680e-01
6.085681915283203125e-01
6.083030104637145996e-01
6.094545722007751465e-01
6.084469556808471680e-01
6.092651486396789551e-01
6.087045669555664062e-01
6.074242591857910156e-01
6.091893911361694336e-01
6.095227003097534180e-01
6.095075607299804688e-01
6.088939309120178223e-01
6.089772582054138184e-01
6.089772582054138184e-01
6.092196702957153320e-01
6.089318394660949707e-01
6.086969971656799316e-01
6.093939542770385742e-01
6.084924340248107910e-01
6.096515059471130371e-01
6.088863611221313477e-01
6.085833311080932617e-01
