2.129678249359130859e+00
1.761727094650268555e+00
1.661063075065612793e+00
1.556953787803649902e+00
1.482213377952575684e+00
1.448570251464843750e+00
1.424003481864929199e+00
1.407443284988403320e+00
1.398912429809570312e+00
1.386424064636230469e+00
1.375228881835937500e+00
1.372988939285278320e+00
1.358196854591369629e+00
1.354438543319702148e+00
1.346929430961608887e+00
1.345227122306823730e+00
1.332744002342224121e+00
1.326386094093322754e+00
1.320391535758972168e+00
1.312407135963439941e+00
1.301534533500671387e+00
1.297869324684143066e+00
1.288233757019042969e+00
1.284658908843994141e+00
1.279427886009216309e+00
1.274870157241821289e+00
1.265741944313049316e+00
1.265156149864196777e+00
1.260259628295898438e+00
1.257816672325134277e+00
1.252422213554382324e+00
1.246525526046752930e+00
1.244341373443603516e+00
1.241566061973571777e+00
1.239244341850280762e+00
1.235219717025756836e+00
1.234155297279357910e+00
1.232434988021850586e+00
1.228475689888000488e+00
1.225261688232421875e+00
1.221082448959350586e+00
1.225723862648010254e+00
1.221030831336975098e+00
1.217434167861938477e+00
1.214343309402465820e+00
1.210900902748107910e+00
1.209865093231201172e+00
1.195941925048828125e+00
1.193575739860534668e+00
1.193422913551330566e+00
1.191578030586242676e+00
1.190659999847412109e+00
1.189508199691772461e+00
1.188682675361633301e+00
1.187738299369812012e+00
1.184581756591796875e+00
1.184739947319030762e+00
1.176100492477416992e+00
1.175610780715942383e+00
1.174177289009094238e+00
1.173776865005493164e+00
1.173883318901062012e+00
1.173372983932495117e+00
1.172064781188964844e+00
1.168748617172241211e+00
1.168363332748413086e+00
1.167417049407958984e+00
1.168087840080261230e+00
1.167329907417297363e+00
1.166195154190063477e+00
1.166986465454101562e+00
1.164426684379577637e+00
1.164664506912231445e+00
1.162588238716125488e+00
1.162972569465637207e+00
1.163897395133972168e+00
1.163234829902648926e+00
1.163172483444213867e+00
1.162200570106506348e+00
1.161125659942626953e+00
1.159866452217102051e+00
1.162050604820251465e+00
1.160372853279113770e+00
1.161811232566833496e+00
1.161189079284667969e+00
1.160661339759826660e+00
1.161592125892639160e+00
1.160888910293579102e+00
1.161543369293212891e+00
1.159848809242248535e+00
1.160288691520690918e+00
1.160058736801147461e+00
1.159098267555236816e+00
1.160621881484985352e+00
1.158860564231872559e+00
1.159967064857482910e+00
1.159967780113220215e+00
1.159481883049011230e+00
1.159339189529418945e+00
1.160976529121398926e+00
1.160193920135498047e+00
1.159291982650756836e+00
1.158072233200073242e+00
1.160846829414367676e+00
1.158660531044006348e+00
1.160888552665710449e+00
1.160532593727111816e+00
1.159430623054504395e+00
1.160501480102539062e+00
1.159768700599670410e+00
1.158820629119873047e+00
1.160292387008666992e+00
1.160804152488708496e+00
1.160118341445922852e+00
1.160736680030822754e+00
1.159991383552551270e+00
1.160427808761596680e+00
1.158779501914978027e+00
1.159852027893066406e+00
1.160135746002197266e+00
1.158941149711608887e+00
1.158727884292602539e+00
1.158954858779907227e+00
1.160233139991760254e+00
