2.031515091657638550e-01
3.305757641792297363e-01
3.629393875598907471e-01
4.077272713184356689e-01
4.390530288219451904e-01
4.541590809822082520e-01
4.631060659885406494e-01
4.700833261013031006e-01
4.720606207847595215e-01
4.759015142917633057e-01
4.808030426502227783e-01
4.824242293834686279e-01
4.854772686958312988e-01
4.881212115287780762e-01
4.890681803226470947e-01
4.911893904209136963e-01
4.941136240959167480e-01
4.981439411640167236e-01
5.007575750350952148e-01
5.038712024688720703e-01
5.062196850776672363e-01
5.074848532676696777e-01
5.128636360168457031e-01
5.134015083312988281e-01
5.159621238708496094e-01
5.179318189620971680e-01
5.213863849639892578e-01
5.209166407585144043e-01
5.223636627197265625e-01
5.240757465362548828e-01
5.252727270126342773e-01
5.288408994674682617e-01
5.286211967468261719e-01
5.287120938301086426e-01
5.304318070411682129e-01
5.321969985961914062e-01
5.319091081619262695e-01
5.325227379798889160e-01
5.334621071815490723e-01
5.363939404487609863e-01
5.389924049377441406e-01
5.355530381202697754e-01
5.374621152877807617e-01
5.393030047416687012e-01
5.399394035339355469e-01
5.425605773925781250e-01
5.428181886672973633e-01
5.468636155128479004e-01
5.490227341651916504e-01
5.482424497604370117e-01
5.481742620468139648e-01
5.495757460594177246e-01
5.496212244033813477e-01
5.508106350898742676e-01
5.508182048797607422e-01
5.517651438713073730e-01
5.525681972503662109e-01
5.570909380912780762e-01
5.556591153144836426e-01
5.566893815994262695e-01
5.559848546981811523e-01
5.562803149223327637e-01
5.560530424118041992e-01
5.572424530982971191e-01
5.580681562423706055e-01
5.586969852447509766e-01
5.593712329864501953e-01
5.595757365226745605e-01
5.592802762985229492e-01
5.599772930145263672e-01
5.592499971389770508e-01
5.606893897056579590e-01
5.595303177833557129e-01
5.609393715858459473e-01
5.614469647407531738e-01
5.600000023841857910e-01
5.604696869850158691e-01
5.600227117538452148e-01
5.617879033088684082e-01
5.624697208404541016e-01
5.624469518661499023e-01
5.604545474052429199e-01
5.628712177276611328e-01
5.614242553710937500e-01
5.618257522583007812e-01
5.613787770271301270e-01
5.615151524543762207e-01
5.617197155952453613e-01
5.622575879096984863e-01
5.622196793556213379e-01
5.625379085540771484e-01
5.626894235610961914e-01
5.617651343345642090e-01
5.630000233650207520e-01
5.621060729026794434e-01
5.624697208404541016e-01
5.622045397758483887e-01
5.628030300140380859e-01
5.628181695938110352e-01
5.627651810646057129e-01
5.619015097618103027e-01
5.634090900421142578e-01
5.633712410926818848e-01
5.621287822723388672e-01
5.634015202522277832e-01
5.626590847969055176e-01
5.614014863967895508e-01
5.626515150070190430e-01
5.626590847969055176e-01
5.623409152030944824e-01
5.623787641525268555e-01
5.616363883018493652e-01
5.616742372512817383e-01
5.617727041244506836e-01
5.618863701820373535e-01
5.625681877136230469e-01
5.617802739143371582e-01
5.629318356513977051e-01
5.634621381759643555e-01
5.619621276855468750e-01
5.615606307983398438e-01
5.625000000000000000e-01
5.624772906303405762e-01
5.625075697898864746e-01
