9.011553227901458740e-02
9.007954597473144531e-02
9.073295444250106812e-02
9.017424285411834717e-02
8.963067829608917236e-02
8.987121284008026123e-02
9.051515161991119385e-02
9.066855907440185547e-02
9.032765030860900879e-02
9.033901244401931763e-02
8.982386440038681030e-02
9.043560922145843506e-02
9.075567871332168579e-02
9.001136571168899536e-02
9.007007628679275513e-02
9.014772623777389526e-02
9.025568515062332153e-02
9.044697135686874390e-02
9.056060761213302612e-02
8.978409320116043091e-02
9.010227024555206299e-02
9.074810892343521118e-02
8.990530669689178467e-02
9.038068354129791260e-02
9.044507890939712524e-02
9.035227447748184204e-02
9.026136249303817749e-02
9.036363661289215088e-02
9.023863822221755981e-02
9.025947004556655884e-02
9.044128656387329102e-02
8.997159451246261597e-02
