2.397990465164184570e+00
2.397949457168579102e+00
2.397946834564208984e+00
2.397939205169677734e+00
2.397950649261474609e+00
2.397943735122680664e+00
2.397920370101928711e+00
2.397917747497558594e+00
2.397919178009033203e+00
2.397919654846191406e+00
2.397918701171875000e+00
2.397913932800292969e+00
2.397906064987182617e+00
2.397913455963134766e+00
2.397911310195922852e+00
2.397912740707397461e+00
2.397911787033081055e+00
2.397909879684448242e+00
2.397907495498657227e+00
2.397910118103027344e+00
2.397909164428710938e+00
2.397907018661499023e+00
2.397910118103027344e+00
2.397907495498657227e+00
2.397907495498657227e+00
2.397908449172973633e+00
2.397911548614501953e+00
2.397911548614501953e+00
2.397910118103027344e+00
2.397912502288818359e+00
2.397910833358764648e+00
2.397916793823242188e+00
