2.281136363744735718e-01
3.570530414581298828e-01
3.631590902805328369e-01
3.854318261146545410e-01
3.980833292007446289e-01
4.158181846141815186e-01
4.219924211502075195e-01
4.255075752735137939e-01
4.210000038146972656e-01
4.309999942779541016e-01
4.288030266761779785e-01
4.331515133380889893e-01
4.353484809398651123e-01
4.357196986675262451e-01
4.358333349227905273e-01
4.372878670692443848e-01
4.373787939548492432e-01
4.403257668018341064e-01
3.976060748100280762e-01
4.287196993827819824e-01
4.396893978118896484e-01
4.421893954277038574e-01
4.450303018093109131e-01
4.469090998172760010e-01
4.468484818935394287e-01
4.494696855545043945e-01
4.481287896633148193e-01
4.486515223979949951e-01
4.517197012901306152e-01
4.532802999019622803e-01
4.537651538848876953e-01
4.537348449230194092e-01
4.534166753292083740e-01
4.544015228748321533e-01
4.594545364379882812e-01
4.602121114730834961e-01
4.590757489204406738e-01
4.590984880924224854e-01
4.602954685688018799e-01
4.602878689765930176e-01
4.599242508411407471e-01
4.602802991867065430e-01
4.606363773345947266e-01
4.620075821876525879e-01
4.649242460727691650e-01
4.630303084850311279e-01
4.633333384990692139e-01
4.635530412197113037e-01
4.637045562267303467e-01
4.630757570266723633e-01
4.635075628757476807e-01
4.642499983310699463e-01
4.648181796073913574e-01
4.640378654003143311e-01
4.656288027763366699e-01
4.667045474052429199e-01
4.649015069007873535e-01
4.662045538425445557e-01
4.670303165912628174e-01
4.656893908977508545e-01
4.675606191158294678e-01
4.668030440807342529e-01
4.684166610240936279e-01
4.670000076293945312e-01
4.692272841930389404e-01
4.699091017246246338e-01
4.704999923706054688e-01
4.698257446289062500e-01
4.692121148109436035e-01
4.710909128189086914e-01
4.736060500144958496e-01
4.724924266338348389e-01
4.720908999443054199e-01
4.740757644176483154e-01
4.739393889904022217e-01
4.728560745716094971e-01
4.741894006729125977e-01
4.725530445575714111e-01
4.744621217250823975e-01
4.743484854698181152e-01
4.757727384567260742e-01
4.766363501548767090e-01
4.766590893268585205e-01
4.751893877983093262e-01
4.742954671382904053e-01
4.760909080505371094e-01
4.746060669422149658e-01
4.760454595088958740e-01
4.760075807571411133e-01
4.773712158203125000e-01
4.772575795650482178e-01
4.763106107711791992e-01
4.769091010093688965e-01
4.754545390605926514e-01
4.772651493549346924e-01
4.790378808975219727e-01
4.762727320194244385e-01
4.773030281066894531e-01
4.761590957641601562e-01
4.759318232536315918e-01
4.775909185409545898e-01
4.759393930435180664e-01
4.786818325519561768e-01
4.778030216693878174e-01
4.779545366764068604e-01
4.772045314311981201e-01
4.773560464382171631e-01
4.780984818935394287e-01
4.784469604492187500e-01
4.772424101829528809e-01
4.771287739276885986e-01
4.780378639698028564e-01
4.782045483589172363e-01
4.785151481628417969e-01
4.787499904632568359e-01
4.785530269145965576e-01
4.769848585128784180e-01
4.780075848102569580e-01
4.771363735198974609e-01
4.779621064662933350e-01
4.774621129035949707e-01
4.784242510795593262e-01
4.761515259742736816e-01
4.776666760444641113e-01
4.790000021457672119e-01
4.792348444461822510e-01
4.797348380088806152e-01
4.772424101829528809e-01
4.790454506874084473e-01
4.784545600414276123e-01
4.779393970966339111e-01
4.785303175449371338e-01
4.779848456382751465e-01
4.776136279106140137e-01
4.780075848102569580e-01
4.779772758483886719e-01
4.779318273067474365e-01
4.776666760444641113e-01
4.779924154281616211e-01
4.772121310234069824e-01
4.774696826934814453e-01
4.782878756523132324e-01
4.787575900554656982e-01
4.779469668865203857e-01
4.783788025379180908e-01
4.774318039417266846e-01
4.772121310234069824e-01
4.761969745159149170e-01
4.776666760444641113e-01
4.781212210655212402e-01
4.781363606452941895e-01
4.784545600414276123e-01
4.780833423137664795e-01
4.771060645580291748e-01
4.780833423137664795e-01
4.793030321598052979e-01
4.769318103790283203e-01
4.784242510795593262e-01
4.775454401969909668e-01
4.779697060585021973e-01
4.780984818935394287e-01
4.771136343479156494e-01
4.778030216693878174e-01
4.769091010093688965e-01
4.762424230575561523e-01
4.774621129035949707e-01
4.782045483589172363e-01
4.784393906593322754e-01
4.795909225940704346e-01
4.763711988925933838e-01
4.762878715991973877e-01
4.772802889347076416e-01
4.780302941799163818e-01
4.772500097751617432e-01
4.790984988212585449e-01
4.789166748523712158e-01
4.770757555961608887e-01
4.787121117115020752e-01
4.776893854141235352e-01
