2.072826385498046875e+00
1.724516510963439941e+00
1.701820015907287598e+00
1.630143761634826660e+00
1.587043046951293945e+00
1.531583547592163086e+00
1.510690569877624512e+00
1.501935124397277832e+00
1.513474225997924805e+00
1.477565526962280273e+00
1.483908772468566895e+00
1.471729040145874023e+00
1.462590813636779785e+00
1.462056517601013184e+00
1.456690073013305664e+00
1.455810189247131348e+00
1.454873561859130859e+00
1.446728944778442383e+00
1.599113941192626953e+00
1.491006970405578613e+00
1.454448580741882324e+00
1.445388197898864746e+00
1.437373995780944824e+00
1.430806279182434082e+00
1.431346416473388672e+00
1.427784085273742676e+00
1.424338936805725098e+00
1.421381354331970215e+00
1.416050672531127930e+00
1.412825345993041992e+00
1.408742070198059082e+00
1.407662034034729004e+00
1.406947970390319824e+00
1.408339262008666992e+00
1.392910242080688477e+00
1.392312765121459961e+00
1.390858650207519531e+00
1.390211701393127441e+00
1.389592528343200684e+00
1.390772342681884766e+00
1.387269020080566406e+00
1.391701459884643555e+00
1.387320518493652344e+00
1.384217977523803711e+00
1.379672288894653320e+00
1.381596565246582031e+00
1.380370020866394043e+00
1.381080985069274902e+00
1.379906654357910156e+00
1.381452083587646484e+00
1.378654360771179199e+00
1.376302957534790039e+00
1.375614404678344727e+00
1.375583171844482422e+00
1.373252868652343750e+00
1.372055888175964355e+00
1.374813199043273926e+00
1.372129321098327637e+00
1.371577739715576172e+00
1.367556214332580566e+00
1.368368148803710938e+00
1.369663596153259277e+00
1.365278363227844238e+00
1.366219758987426758e+00
1.361965298652648926e+00
1.362908959388732910e+00
1.361695051193237305e+00
1.359195113182067871e+00
1.361276507377624512e+00
1.357485294342041016e+00
1.355281949043273926e+00
1.354151606559753418e+00
1.356191754341125488e+00
1.353222489356994629e+00
1.352142691612243652e+00
1.354666829109191895e+00
1.353158593177795410e+00
1.355424284934997559e+00
1.350565195083618164e+00
1.349994897842407227e+00
1.349967837333679199e+00
1.346840858459472656e+00
1.346646428108215332e+00
1.347401022911071777e+00
1.348081707954406738e+00
1.348412156105041504e+00
1.347210526466369629e+00
1.346596002578735352e+00
1.348839282989501953e+00
1.344770908355712891e+00
1.343062758445739746e+00
1.347123742103576660e+00
1.346406340599060059e+00
1.347036838531494141e+00
1.343968629837036133e+00
1.343877315521240234e+00
1.344906330108642578e+00
1.344598770141601562e+00
1.342400312423706055e+00
1.345508813858032227e+00
1.343476176261901855e+00
1.346126556396484375e+00
1.343239545822143555e+00
1.345700263977050781e+00
1.342327356338500977e+00
1.343762040138244629e+00
1.343743324279785156e+00
1.342109799385070801e+00
1.343839287757873535e+00
1.341236233711242676e+00
1.342480659484863281e+00
1.341012239456176758e+00
1.341447353363037109e+00
1.344256043434143066e+00
1.343873620033264160e+00
1.344029068946838379e+00
1.343146085739135742e+00
1.343588948249816895e+00
1.341346025466918945e+00
1.344019055366516113e+00
1.343407154083251953e+00
1.342351675033569336e+00
1.343465328216552734e+00
1.343773722648620605e+00
1.340617418289184570e+00
1.341176271438598633e+00
1.339930176734924316e+00
1.342516422271728516e+00
1.340592145919799805e+00
1.339797854423522949e+00
1.342164516448974609e+00
1.343345165252685547e+00
1.341561555862426758e+00
1.340682268142700195e+00
1.344279289245605469e+00
1.343923568725585938e+00
1.342869997024536133e+00
1.343406438827514648e+00
1.344128131866455078e+00
1.342420458793640137e+00
1.341300129890441895e+00
1.340875864028930664e+00
1.343270182609558105e+00
1.341733694076538086e+00
1.339874386787414551e+00
1.342518091201782227e+00
1.345522046089172363e+00
1.343736052513122559e+00
1.341942548751831055e+00
1.342401981353759766e+00
1.342475652694702148e+00
1.342786073684692383e+00
1.343620181083679199e+00
1.343594908714294434e+00
1.341354370117187500e+00
1.343843698501586914e+00
1.342109203338623047e+00
1.340221047401428223e+00
1.342792391777038574e+00
1.342930197715759277e+00
1.340445995330810547e+00
1.344431877136230469e+00
1.346354603767395020e+00
1.343539476394653320e+00
1.342902421951293945e+00
1.341579556465148926e+00
1.343091964721679688e+00
1.344305038452148438e+00
1.343037843704223633e+00
1.343999147415161133e+00
1.343501925468444824e+00
1.344476461410522461e+00
1.344577193260192871e+00
1.345121502876281738e+00
1.341371774673461914e+00
1.345145940780639648e+00
1.341511487960815430e+00
1.342207074165344238e+00
1.342738032341003418e+00
