2.066914558410644531e+00
1.635790705680847168e+00
1.466468453407287598e+00
1.389634132385253906e+00
1.351516366004943848e+00
1.315121769905090332e+00
1.297694802284240723e+00
1.283885955810546875e+00
1.269598722457885742e+00
1.255465745925903320e+00
1.250619053840637207e+00
1.239336609840393066e+00
1.230553030967712402e+00
1.228288769721984863e+00
1.224233031272888184e+00
1.213541150093078613e+00
1.212595462799072266e+00
1.202308535575866699e+00
1.199961185455322266e+00
1.202657938003540039e+00
1.192239880561828613e+00
1.185097098350524902e+00
1.182763218879699707e+00
1.177987813949584961e+00
1.179931521415710449e+00
1.173969388008117676e+00
1.167217373847961426e+00
1.167108297348022461e+00
1.162156462669372559e+00
1.163059949874877930e+00
1.160057783126831055e+00
1.157941341400146484e+00
1.153955817222595215e+00
1.150207757949829102e+00
1.146892309188842773e+00
1.146142363548278809e+00
1.146782636642456055e+00
1.141639947891235352e+00
1.123327374458312988e+00
1.121541261672973633e+00
1.120190143585205078e+00
1.118585467338562012e+00
1.117329716682434082e+00
1.114799022674560547e+00
1.113665461540222168e+00
1.113404393196105957e+00
1.110461831092834473e+00
1.108541250228881836e+00
1.106894612312316895e+00
1.095792055130004883e+00
1.093023896217346191e+00
1.092632889747619629e+00
1.092037916183471680e+00
1.090946197509765625e+00
1.084467768669128418e+00
1.083338618278503418e+00
1.082325816154479980e+00
1.081987380981445312e+00
1.080789566040039062e+00
1.077246904373168945e+00
1.076855301856994629e+00
1.076174378395080566e+00
1.075775742530822754e+00
1.075500845909118652e+00
1.074393868446350098e+00
1.072635173797607422e+00
1.072784304618835449e+00
1.072680115699768066e+00
1.073194622993469238e+00
1.071589827537536621e+00
1.070893764495849609e+00
1.071359157562255859e+00
1.071292519569396973e+00
1.071056485176086426e+00
1.070645689964294434e+00
1.070301532745361328e+00
1.070368289947509766e+00
1.070201992988586426e+00
1.070328116416931152e+00
1.069609165191650391e+00
1.069919347763061523e+00
1.069946646690368652e+00
1.070176959037780762e+00
1.069596648216247559e+00
1.069175124168395996e+00
1.070047974586486816e+00
1.069752216339111328e+00
1.069265842437744141e+00
1.069422125816345215e+00
1.069806098937988281e+00
1.069555163383483887e+00
1.069393277168273926e+00
1.069356560707092285e+00
1.069620609283447266e+00
