2.172348499298095703e-01
3.777651488780975342e-01
4.419772624969482422e-01
4.699696898460388184e-01
4.814469814300537109e-01
4.940302968025207520e-01
5.000681877136230469e-01
5.071818232536315918e-01
5.100454688072204590e-01
5.167651772499084473e-01
5.185984969139099121e-01
5.227802991867065430e-01
5.276893973350524902e-01
5.270454287528991699e-01
5.299999713897705078e-01
5.333939194679260254e-01
5.341590642929077148e-01
5.376363396644592285e-01
5.398409366607666016e-01
5.396363735198974609e-01
5.432121157646179199e-01
5.466439127922058105e-01
5.472348332405090332e-01
5.493711829185485840e-01
5.491591095924377441e-01
5.513257384300231934e-01
5.537121295928955078e-01
5.532045364379882812e-01
5.555909276008605957e-01
5.569469928741455078e-01
5.568484663963317871e-01
5.570605993270874023e-01
5.591742396354675293e-01
5.604090690612792969e-01
5.617045164108276367e-01
5.614621043205261230e-01
5.624091029167175293e-01
5.645227432250976562e-01
5.708333253860473633e-01
5.722272992134094238e-01
5.728409290313720703e-01
5.722121000289916992e-01
5.742045640945434570e-01
5.742727518081665039e-01
5.750833153724670410e-01
5.759090781211853027e-01
5.758939385414123535e-01
5.765151381492614746e-01
5.781818032264709473e-01
5.830075740814208984e-01
5.834621191024780273e-01
5.832272768020629883e-01
5.846590995788574219e-01
5.845682024955749512e-01
5.873939394950866699e-01
5.877878665924072266e-01
5.883030295372009277e-01
5.882878899574279785e-01
5.886818170547485352e-01
5.897121429443359375e-01
5.901969671249389648e-01
5.906288027763366699e-01
5.919924378395080566e-01
5.920000076293945312e-01
5.912802815437316895e-01
5.926818251609802246e-01
5.923106074333190918e-01
5.918787717819213867e-01
5.920454263687133789e-01
5.927727222442626953e-01
5.929469466209411621e-01
5.927196741104125977e-01
5.934545397758483887e-01
5.928560495376586914e-01
5.935605764389038086e-01
5.934090614318847656e-01
5.931515097618103027e-01
5.931363701820373535e-01
5.935151576995849609e-01
5.933485031127929688e-01
5.936211943626403809e-01
5.936818122863769531e-01
5.934696793556213379e-01
5.933939218521118164e-01
5.936439633369445801e-01
5.930833220481872559e-01
5.935757756233215332e-01
5.936060547828674316e-01
5.926514863967895508e-01
5.933863520622253418e-01
5.940605998039245605e-01
5.943182110786437988e-01
5.938863754272460938e-01
5.932803153991699219e-01
