1.859848499298095703e-01
2.277500033378601074e-01
2.573105990886688232e-01
3.132272660732269287e-01
3.335378766059875488e-01
3.449999988079071045e-01
3.518257439136505127e-01
3.590530157089233398e-01
3.626969754695892334e-01
3.693106174468994141e-01
3.715151548385620117e-01
3.740227222442626953e-01
3.831363618373870850e-01
3.854090869426727295e-01
3.998939394950866699e-01
3.982121348381042480e-01
4.030984938144683838e-01
4.113106131553649902e-01
4.251363575458526611e-01
4.318257570266723633e-01
4.347045421600341797e-01
4.418409168720245361e-01
4.448181688785552979e-01
4.502424299716949463e-01
4.510378837585449219e-01
4.557424187660217285e-01
4.599924385547637939e-01
4.611893892288208008e-01
4.636666774749755859e-01
4.671894013881683350e-01
4.683484733104705811e-01
4.717499911785125732e-01
4.737499952316284180e-01
4.767499864101409912e-01
4.796439409255981445e-01
4.807045459747314453e-01
4.834621250629425049e-01
4.844394028186798096e-01
4.849924147129058838e-01
4.869697093963623047e-01
4.864015281200408936e-01
4.892500042915344238e-01
4.911969602108001709e-01
4.911136329174041748e-01
4.942651391029357910e-01
4.961136281490325928e-01
4.951666593551635742e-01
4.967045485973358154e-01
4.981136322021484375e-01
4.959924221038818359e-01
4.985681772232055664e-01
5.005454421043395996e-01
5.010681748390197754e-01
5.016515254974365234e-01
5.003409385681152344e-01
5.035757422447204590e-01
5.039545297622680664e-01
5.047727227210998535e-01
5.046666860580444336e-01
5.070909261703491211e-01
5.080000162124633789e-01
5.084015130996704102e-01
5.094469785690307617e-01
5.109924077987670898e-01
5.109015107154846191e-01
5.116515159606933594e-01
5.129773020744323730e-01
5.128712058067321777e-01
5.175681710243225098e-01
5.181288123130798340e-01
5.185984969139099121e-01
5.200681686401367188e-01
5.209394097328186035e-01
5.189318060874938965e-01
5.222121477127075195e-01
5.228484869003295898e-01
5.227802991867065430e-01
5.226742625236511230e-01
5.237802863121032715e-01
5.235151648521423340e-01
5.248787999153137207e-01
5.264621376991271973e-01
5.262575745582580566e-01
5.267423987388610840e-01
5.263788104057312012e-01
5.266363620758056641e-01
5.272272825241088867e-01
5.278636217117309570e-01
5.273106098175048828e-01
5.278409123420715332e-01
5.278257727622985840e-01
5.281742215156555176e-01
5.283105969429016113e-01
5.282348394393920898e-01
5.287272930145263672e-01
5.284242630004882812e-01
5.289545655250549316e-01
5.286969542503356934e-01
5.289924144744873047e-01
5.282045602798461914e-01
5.282348394393920898e-01
5.290530323982238770e-01
5.289697051048278809e-01
5.288863778114318848e-01
5.291136503219604492e-01
5.292575955390930176e-01
5.289924144744873047e-01
5.288484692573547363e-01
5.292348265647888184e-01
5.298560857772827148e-01
5.287424325942993164e-01
5.293409228324890137e-01
5.297045707702636719e-01
5.300909280776977539e-01
5.291363596916198730e-01
5.293181538581848145e-01
5.285909175872802734e-01
5.295454263687133789e-01
5.295909047126770020e-01
5.297348499298095703e-01
5.292803049087524414e-01
5.298636555671691895e-01
5.293484926223754883e-01
5.292575955390930176e-01
5.294015407562255859e-01
5.294772982597351074e-01
5.290530323982238770e-01
5.288484692573547363e-01
5.300151705741882324e-01
5.295075774192810059e-01
5.301212072372436523e-01
5.292423963546752930e-01
5.292727351188659668e-01
5.292500257492065430e-01
5.300909280776977539e-01
5.293333530426025391e-01
5.299621224403381348e-01
5.291590690612792969e-01
5.292423963546752930e-01
5.291818380355834961e-01
5.293105840682983398e-01
5.291514992713928223e-01
5.293257832527160645e-01
5.291287899017333984e-01
5.293560624122619629e-01
5.294015407562255859e-01
5.285000205039978027e-01
5.292651653289794922e-01
5.288788080215454102e-01
