2.828686833381652832e-01
2.119796723127365112e-01
2.041006535291671753e-01
1.889812350273132324e-01
1.814541816711425781e-01
1.776510924100875854e-01
1.751428097486495972e-01
1.724006384611129761e-01
1.714154481887817383e-01
1.697743833065032959e-01
1.681219190359115601e-01
1.674938350915908813e-01
1.651163846254348755e-01
1.647511124610900879e-01
1.612562686204910278e-01
1.617215722799301147e-01
1.610632687807083130e-01
1.587696820497512817e-01
1.540478765964508057e-01
1.520134806632995605e-01
1.508555412292480469e-01
1.482375562191009521e-01
1.474328935146331787e-01
1.455696076154708862e-01
1.450225114822387695e-01
1.442087292671203613e-01
1.429364085197448730e-01
1.421966999769210815e-01
1.412955820560455322e-01
1.401059329509735107e-01
1.397122144699096680e-01
1.386010050773620605e-01
1.379541456699371338e-01
1.371572017669677734e-01
1.366476714611053467e-01
1.358247399330139160e-01
1.353170871734619141e-01
1.349246799945831299e-01
1.346688121557235718e-01
1.338629871606826782e-01
1.338943839073181152e-01
1.332997083663940430e-01
1.328097283840179443e-01
1.323855072259902954e-01
1.320951730012893677e-01
1.314885616302490234e-01
1.313604265451431274e-01
1.311405152082443237e-01
1.307733952999114990e-01
1.310738027095794678e-01
1.306548863649368286e-01
1.300306171178817749e-01
1.300727874040603638e-01
1.293320953845977783e-01
1.298470050096511841e-01
1.292291134595870972e-01
1.290466934442520142e-01
1.286386549472808838e-01
1.286254227161407471e-01
1.281778663396835327e-01
1.281187236309051514e-01
1.278411895036697388e-01
1.275807023048400879e-01
1.271917670965194702e-01
1.274888813495635986e-01
1.270637661218643188e-01
1.268855482339859009e-01
1.268488615751266479e-01
1.256968975067138672e-01
1.254418641328811646e-01
1.254004389047622681e-01
1.252286285161972046e-01
1.251991689205169678e-01
1.251138001680374146e-01
1.244502365589141846e-01
1.243764534592628479e-01
1.243141591548919678e-01
1.242697834968566895e-01
1.242348626255989075e-01
1.241689175367355347e-01
1.238011568784713745e-01
1.237293928861618042e-01
1.237398087978363037e-01
1.236340478062629700e-01
1.236463710665702820e-01
1.236045658588409424e-01
1.234191954135894775e-01
1.234078109264373779e-01
1.233687028288841248e-01
1.233844831585884094e-01
1.233550235629081726e-01
1.233722493052482605e-01
1.232683435082435608e-01
1.232531964778900146e-01
1.232277080416679382e-01
1.231950595974922180e-01
1.232119575142860413e-01
1.231783851981163025e-01
1.232074946165084839e-01
1.231334656476974487e-01
1.231755316257476807e-01
1.231065839529037476e-01
1.230885908007621765e-01
1.231096610426902771e-01
1.230951324105262756e-01
1.230621933937072754e-01
1.230473741888999939e-01
1.230400055646896362e-01
1.230749934911727905e-01
1.230317503213882446e-01
1.230619102716445923e-01
1.230461522936820984e-01
1.230211555957794189e-01
1.230117529630661011e-01
1.230193004012107849e-01
1.230150833725929260e-01
1.230110377073287964e-01
1.230288445949554443e-01
1.229484379291534424e-01
1.230486556887626648e-01
1.230278909206390381e-01
1.229996457695960999e-01
1.230154186487197876e-01
1.229916140437126160e-01
1.230402514338493347e-01
1.230033263564109802e-01
1.230255290865898132e-01
1.230341494083404541e-01
1.229887679219245911e-01
1.229807808995246887e-01
1.229654550552368164e-01
1.230020821094512939e-01
1.229946166276931763e-01
1.230431199073791504e-01
1.230185255408287048e-01
1.229696050286293030e-01
1.230022534728050232e-01
1.230159327387809753e-01
1.230336427688598633e-01
1.230494156479835510e-01
1.230080276727676392e-01
1.230074539780616760e-01
1.230270937085151672e-01
1.229901239275932312e-01
1.230001673102378845e-01
1.230537891387939453e-01
1.229918450117111206e-01
1.229636296629905701e-01
1.229959055781364441e-01
