2.232800245285034180e+00
1.849810481071472168e+00
1.689260125160217285e+00
1.648643016815185547e+00
1.615390658378601074e+00
1.553295135498046875e+00
1.517016768455505371e+00
1.494686007499694824e+00
1.484403967857360840e+00
1.468214511871337891e+00
1.460667610168457031e+00
1.451556324958801270e+00
1.444462776184082031e+00
1.434713006019592285e+00
1.431224703788757324e+00
1.410848021507263184e+00
1.405668616294860840e+00
1.403129339218139648e+00
1.402807831764221191e+00
1.397213697433471680e+00
1.397294998168945312e+00
1.393835663795471191e+00
1.389689087867736816e+00
1.390813946723937988e+00
1.384704232215881348e+00
1.382542967796325684e+00
1.382244825363159180e+00
1.366873621940612793e+00
1.362069725990295410e+00
1.361061811447143555e+00
1.358577489852905273e+00
1.356307387351989746e+00
1.350529074668884277e+00
1.350436568260192871e+00
1.349449276924133301e+00
1.349351763725280762e+00
1.348179340362548828e+00
1.347079515457153320e+00
1.343102097511291504e+00
1.344744324684143066e+00
1.344794392585754395e+00
1.342916488647460938e+00
1.342093706130981445e+00
1.341485857963562012e+00
1.339923858642578125e+00
1.340784788131713867e+00
1.337143063545227051e+00
1.335516452789306641e+00
1.335296511650085449e+00
1.335183262825012207e+00
1.334426879882812500e+00
1.334658384323120117e+00
1.331706404685974121e+00
1.332357645034790039e+00
1.333400607109069824e+00
1.331028819084167480e+00
1.330353021621704102e+00
1.331330776214599609e+00
1.329208016395568848e+00
1.329744458198547363e+00
1.331161856651306152e+00
1.329464912414550781e+00
1.329148292541503906e+00
1.329850196838378906e+00
1.331254363059997559e+00
1.329970836639404297e+00
1.329985618591308594e+00
1.329542517662048340e+00
1.328806042671203613e+00
1.329810261726379395e+00
1.330071687698364258e+00
