1.665909141302108765e-01
3.074090778827667236e-01
3.569545447826385498e-01
3.702045381069183350e-01
3.889772593975067139e-01
4.248560667037963867e-01
4.387499988079071045e-01
4.459090828895568848e-01
4.496590793132781982e-01
4.560227394104003906e-01
4.580605924129486084e-01
4.625303149223327637e-01
4.636666774749755859e-01
4.674393832683563232e-01
4.694696962833404541e-01
4.765909016132354736e-01
4.783181846141815186e-01
4.782651662826538086e-01
4.789318144321441650e-01
4.818787872791290283e-01
4.807878732681274414e-01
4.824242293834686279e-01
4.841742515563964844e-01
4.833106100559234619e-01
4.862197041511535645e-01
4.866288006305694580e-01
4.864166676998138428e-01
4.914772808551788330e-01
4.961211979389190674e-01
4.949318170547485352e-01
4.957727193832397461e-01
4.971136450767517090e-01
5.000075697898864746e-01
5.002575516700744629e-01
4.998939335346221924e-01
5.014091134071350098e-01
5.001363754272460938e-01
5.011515021324157715e-01
5.025757551193237305e-01
5.016439557075500488e-01
5.004318356513977051e-01
5.016818046569824219e-01
5.015681982040405273e-01
5.010681748390197754e-01
5.031439661979675293e-01
5.032802820205688477e-01
5.042197108268737793e-01
5.054242610931396484e-01
5.059015154838562012e-01
5.052575469017028809e-01
5.044999718666076660e-01
5.050681829452514648e-01
5.065681934356689453e-01
5.054166913032531738e-01
5.054469704627990723e-01
5.072348713874816895e-01
5.062423944473266602e-01
5.067121386528015137e-01
5.073788166046142578e-01
5.068787932395935059e-01
5.061666369438171387e-01
5.067575573921203613e-01
5.073030591011047363e-01
5.075075626373291016e-01
5.065151453018188477e-01
5.065606236457824707e-01
5.072878599166870117e-01
5.080757737159729004e-01
5.064697265625000000e-01
5.064924359321594238e-01
5.056363344192504883e-01
