2.135378718376159668e-01
3.463484942913055420e-01
4.040151536464691162e-01
4.397499859333038330e-01
4.506818056106567383e-01
4.605908989906311035e-01
4.646818041801452637e-01
4.721893966197967529e-01
4.766590893268585205e-01
4.818787872791290283e-01
4.865984916687011719e-01
4.909772872924804688e-01
4.959999918937683105e-01
5.005984902381896973e-01
5.038181543350219727e-01
5.070378780364990234e-01
5.109772682189941406e-01
5.127500295639038086e-01
5.142954587936401367e-01
5.157651305198669434e-01
5.195454359054565430e-01
5.185605883598327637e-01
5.208560824394226074e-01
5.214166641235351562e-01
5.220530033111572266e-01
5.252575874328613281e-01
5.262802839279174805e-01
5.285378694534301758e-01
5.283485054969787598e-01
5.291969776153564453e-01
5.303560495376586914e-01
5.319242477416992188e-01
5.326363444328308105e-01
5.340909361839294434e-01
5.343863368034362793e-01
5.326666831970214844e-01
5.354621410369873047e-01
5.364621281623840332e-01
5.368711948394775391e-01
5.375984907150268555e-01
5.380606055259704590e-01
5.363712310791015625e-01
5.390605926513671875e-01
5.403636097908020020e-01
5.410227179527282715e-01
5.416514873504638672e-01
5.405227541923522949e-01
5.433636307716369629e-01
5.416060686111450195e-01
5.439242720603942871e-01
5.437803268432617188e-01
5.437954664230346680e-01
5.463787913322448730e-01
5.499545335769653320e-01
5.516666769981384277e-01
5.505681633949279785e-01
5.523939132690429688e-01
5.516136288642883301e-01
5.523939132690429688e-01
5.514772534370422363e-01
5.518560409545898438e-01
5.521969795227050781e-01
5.533030033111572266e-01
5.544015169143676758e-01
5.543636083602905273e-01
5.547500252723693848e-01
5.553484559059143066e-01
5.543636083602905273e-01
5.554999709129333496e-01
5.552348494529724121e-01
5.559393763542175293e-01
5.552726984024047852e-01
5.562803149223327637e-01
5.572575926780700684e-01
5.569166541099548340e-01
5.597348213195800781e-01
5.613030195236206055e-01
5.620530247688293457e-01
5.618939399719238281e-01
5.624924302101135254e-01
5.639318227767944336e-01
5.642651319503784180e-01
5.635985136032104492e-01
5.645076036453247070e-01
5.631287693977355957e-01
5.641742348670959473e-01
5.635606050491333008e-01
5.649621486663818359e-01
5.643408894538879395e-01
5.656893849372863770e-01
5.659924149513244629e-01
5.647802948951721191e-01
5.660454630851745605e-01
5.646591186523437500e-01
5.662727355957031250e-01
5.656439661979675293e-01
5.652045607566833496e-01
5.665757656097412109e-01
5.669469833374023438e-01
5.677954554557800293e-01
5.662727355957031250e-01
5.672575831413269043e-01
5.675379037857055664e-01
5.676288008689880371e-01
5.680227279663085938e-01
5.666666626930236816e-01
5.680605769157409668e-01
5.686363577842712402e-01
5.684469938278198242e-01
5.683333277702331543e-01
5.683939456939697266e-01
5.673409104347229004e-01
5.685985088348388672e-01
5.679242610931396484e-01
5.681969523429870605e-01
5.692499876022338867e-01
5.697802901268005371e-01
5.688712000846862793e-01
5.692348480224609375e-01
5.683106184005737305e-01
5.678485035896301270e-01
5.675379037857055664e-01
5.681969523429870605e-01
5.691817998886108398e-01
5.692499876022338867e-01
5.676894187927246094e-01
5.680682063102722168e-01
5.685454607009887695e-01
5.692272782325744629e-01
5.685530304908752441e-01
5.682575702667236328e-01
5.694923996925354004e-01
5.694923996925354004e-01
5.689545273780822754e-01
5.687500238418579102e-01
5.686818361282348633e-01
5.674469470977783203e-01
5.693333148956298828e-01
5.688182115554809570e-01
5.697121024131774902e-01
5.690833330154418945e-01
5.681136250495910645e-01
5.681439638137817383e-01
5.686969757080078125e-01
5.688182115554809570e-01
5.680757761001586914e-01
5.691817998886108398e-01
5.669015049934387207e-01
5.678863525390625000e-01
5.681666731834411621e-01
5.693030357360839844e-01
5.698939561843872070e-01
5.687423944473266602e-01
5.681969523429870605e-01
5.681515336036682129e-01
5.680454373359680176e-01
5.696212053298950195e-01
5.696136355400085449e-01
5.681818127632141113e-01
5.696818232536315918e-01
5.683788061141967773e-01
5.693939328193664551e-01
5.698636174201965332e-01
5.684317946434020996e-01
5.691060423851013184e-01
