2.108341217041015625e+00
1.732909798622131348e+00
1.591400384902954102e+00
1.485937476158142090e+00
1.450327873229980469e+00
1.425979852676391602e+00
1.413432598114013672e+00
1.390773653984069824e+00
1.376824378967285156e+00
1.364586591720581055e+00
1.349305272102355957e+00
1.332529783248901367e+00
1.322729110717773438e+00
1.312652707099914551e+00
1.307468414306640625e+00
1.295117855072021484e+00
1.287452459335327148e+00
1.281486272811889648e+00
1.276996731758117676e+00
1.272057414054870605e+00
1.264439821243286133e+00
1.264712095260620117e+00
1.259562253952026367e+00
1.255844712257385254e+00
1.251498818397521973e+00
1.246735215187072754e+00
1.242607831954956055e+00
1.238072156906127930e+00
1.237136721611022949e+00
1.234832286834716797e+00
1.231660723686218262e+00
1.228139758110046387e+00
1.225666522979736328e+00
1.222047209739685059e+00
1.221206426620483398e+00
1.221260905265808105e+00
1.215000033378601074e+00
1.211804986000061035e+00
1.213151574134826660e+00
1.209917783737182617e+00
1.207709789276123047e+00
1.207379698753356934e+00
1.204410910606384277e+00
1.202319741249084473e+00
1.200904011726379395e+00
1.196321606636047363e+00
1.198676466941833496e+00
1.196292996406555176e+00
1.194794416427612305e+00
1.192356944084167480e+00
1.192809462547302246e+00
1.190249204635620117e+00
1.186450958251953125e+00
1.176741003990173340e+00
1.171116590499877930e+00
1.174202561378479004e+00
1.170848250389099121e+00
1.171777725219726562e+00
1.170511126518249512e+00
1.172429323196411133e+00
1.170457959175109863e+00
1.169037342071533203e+00
1.166696548461914062e+00
1.165203809738159180e+00
1.166005492210388184e+00
1.167076468467712402e+00
1.163594603538513184e+00
1.164129972457885742e+00
1.162903666496276855e+00
1.164873957633972168e+00
1.161239385604858398e+00
1.162013411521911621e+00
1.160420298576354980e+00
1.160923600196838379e+00
1.159220814704895020e+00
1.153602838516235352e+00
1.150985240936279297e+00
1.150459170341491699e+00
1.150634407997131348e+00
1.148131847381591797e+00
1.145102739334106445e+00
1.145159482955932617e+00
1.144675374031066895e+00
1.144883751869201660e+00
1.145269036293029785e+00
1.142772436141967773e+00
1.145796418190002441e+00
1.143074035644531250e+00
1.144586205482482910e+00
1.141729831695556641e+00
1.141822218894958496e+00
1.142651796340942383e+00
1.141513943672180176e+00
1.142370939254760742e+00
1.140395402908325195e+00
1.141721606254577637e+00
1.140794396400451660e+00
1.140472650527954102e+00
1.138753533363342285e+00
1.138171076774597168e+00
1.138013720512390137e+00
1.138399004936218262e+00
1.138101220130920410e+00
1.136633872985839844e+00
1.137259840965270996e+00
1.137645125389099121e+00
1.136584877967834473e+00
1.135887622833251953e+00
1.135670542716979980e+00
1.137324571609497070e+00
1.137674450874328613e+00
1.137684822082519531e+00
1.135219454765319824e+00
1.137095451354980469e+00
1.135478973388671875e+00
1.135992288589477539e+00
1.134928584098815918e+00
1.136812448501586914e+00
1.135313153266906738e+00
1.135998964309692383e+00
1.135141730308532715e+00
1.135841131210327148e+00
1.135520458221435547e+00
1.136163234710693359e+00
1.134319186210632324e+00
1.136429309844970703e+00
1.135220885276794434e+00
1.136473059654235840e+00
1.134484171867370605e+00
1.135096907615661621e+00
1.136218070983886719e+00
1.134777307510375977e+00
1.134525179862976074e+00
1.136143684387207031e+00
1.133908629417419434e+00
1.135051012039184570e+00
1.136939525604248047e+00
1.134189128875732422e+00
1.134748697280883789e+00
1.134616851806640625e+00
1.135280251502990723e+00
1.136393189430236816e+00
1.134849190711975098e+00
1.134604454040527344e+00
1.135177969932556152e+00
1.136094331741333008e+00
1.135234355926513672e+00
1.135472059249877930e+00
1.135850548744201660e+00
1.134941220283508301e+00
1.134562492370605469e+00
1.134464025497436523e+00
1.135145187377929688e+00
1.137149453163146973e+00
1.136523246765136719e+00
1.136013627052307129e+00
1.133442044258117676e+00
1.134600281715393066e+00
1.136843681335449219e+00
1.135886192321777344e+00
1.135820746421813965e+00
1.134525537490844727e+00
1.133874773979187012e+00
1.135324239730834961e+00
1.135196447372436523e+00
