3.194696903228759766e-01
4.377878904342651367e-01
4.623333215713500977e-01
4.749848544597625732e-01
4.833181798458099365e-01
4.930227398872375488e-01
5.013712048530578613e-01
5.152196884155273438e-01
5.246590971946716309e-01
5.307954549789428711e-01
5.368030071258544922e-01
5.413560867309570312e-01
5.470075607299804688e-01
5.503863692283630371e-01
5.519242286682128906e-01
5.550530552864074707e-01
5.580000281333923340e-01
5.613712072372436523e-01
5.659469962120056152e-01
5.670605897903442383e-01
5.703409314155578613e-01
5.729393959045410156e-01
5.747727155685424805e-01
5.778712034225463867e-01
5.791590809822082520e-01
5.847954750061035156e-01
5.856742262840270996e-01
5.870984792709350586e-01
5.880908966064453125e-01
5.893181562423706055e-01
5.893333554267883301e-01
5.905227065086364746e-01
5.920530557632446289e-01
5.927121043205261230e-01
5.923863649368286133e-01
5.937272906303405762e-01
5.952424407005310059e-01
5.957803130149841309e-01
6.003333330154418945e-01
6.009924411773681641e-01
6.017348766326904297e-01
6.007651686668395996e-01
6.024924516677856445e-01
6.027045249938964844e-01
6.020757555961608887e-01
6.029242277145385742e-01
6.037499904632568359e-01
6.044469475746154785e-01
6.051742434501647949e-01
6.057423949241638184e-01
6.046894192695617676e-01
6.058636307716369629e-01
6.084015369415283203e-01
6.088712215423583984e-01
6.098181605339050293e-01
6.089166402816772461e-01
6.086060404777526855e-01
6.099469661712646484e-01
6.096742153167724609e-01
6.091666817665100098e-01
6.101742386817932129e-01
6.108409166336059570e-01
6.106818318367004395e-01
6.102651357650756836e-01
6.114014983177185059e-01
6.127424240112304688e-01
6.120454668998718262e-01
6.127499938011169434e-01
6.120226979255676270e-01
6.124848723411560059e-01
6.134393811225891113e-01
6.131666898727416992e-01
6.137197017669677734e-01
6.148560643196105957e-01
6.132954359054565430e-01
6.140151619911193848e-01
6.138636469841003418e-01
6.145151257514953613e-01
6.138560771942138672e-01
6.137575507164001465e-01
6.142348647117614746e-01
6.134924292564392090e-01
6.144999861717224121e-01
6.145908832550048828e-01
6.140378713607788086e-01
6.146136522293090820e-01
6.128106117248535156e-01
6.150909066200256348e-01
6.142954826354980469e-01
6.146439313888549805e-01
6.148030161857604980e-01
6.148409247398376465e-01
6.150757670402526855e-01
6.133560538291931152e-01
6.143636107444763184e-01
6.142348647117614746e-01
6.143333315849304199e-01
6.139242649078369141e-01
6.148257851600646973e-01
6.150378584861755371e-01
6.147803068161010742e-01
6.147196888923645020e-01
6.153636574745178223e-01
6.148105859756469727e-01
6.147348284721374512e-01
6.137045621871948242e-01
6.149696707725524902e-01
6.143484711647033691e-01
6.153787970542907715e-01
6.149242520332336426e-01
6.148257851600646973e-01
6.151742339134216309e-01
