1.840918302536010742e+00
1.512714028358459473e+00
1.426011919975280762e+00
1.379927873611450195e+00
1.357531189918518066e+00
1.338745474815368652e+00
1.323637723922729492e+00
1.300134539604187012e+00
1.282644271850585938e+00
1.267715215682983398e+00
1.254790902137756348e+00
1.242241978645324707e+00
1.234488368034362793e+00
1.223420023918151855e+00
1.219780087471008301e+00
1.211110115051269531e+00
1.206350326538085938e+00
1.199224948883056641e+00
1.191306829452514648e+00
1.188371896743774414e+00
1.182396531105041504e+00
1.176175236701965332e+00
1.171323657035827637e+00
1.165472507476806641e+00
1.162008166313171387e+00
1.144362330436706543e+00
1.142116189002990723e+00
1.139649510383605957e+00
1.136340498924255371e+00
1.132462501525878906e+00
1.131483078002929688e+00
1.128366589546203613e+00
1.125246882438659668e+00
1.120957851409912109e+00
1.120155334472656250e+00
1.117878079414367676e+00
1.114274978637695312e+00
1.114271163940429688e+00
1.101303100585937500e+00
1.099692940711975098e+00
1.097635626792907715e+00
1.098619937896728516e+00
1.096270203590393066e+00
1.094210267066955566e+00
1.092226624488830566e+00
1.092702507972717285e+00
1.090856790542602539e+00
1.089093089103698730e+00
1.087063312530517578e+00
1.085455656051635742e+00
1.084822177886962891e+00
1.082295060157775879e+00
1.077627301216125488e+00
1.076062202453613281e+00
1.076705217361450195e+00
1.073876023292541504e+00
1.073827505111694336e+00
1.071967363357543945e+00
1.073667764663696289e+00
1.072629332542419434e+00
1.071575045585632324e+00
1.070053458213806152e+00
1.070114254951477051e+00
1.068671584129333496e+00
1.068100214004516602e+00
1.065550684928894043e+00
1.065594434738159180e+00
1.064966678619384766e+00
1.063338160514831543e+00
1.065141201019287109e+00
1.062463164329528809e+00
1.063210129737854004e+00
1.062802076339721680e+00
1.061337709426879883e+00
1.061178565025329590e+00
1.060404777526855469e+00
1.061044573783874512e+00
1.060789108276367188e+00
1.060295581817626953e+00
1.060137748718261719e+00
1.059382796287536621e+00
1.060110330581665039e+00
1.059245824813842773e+00
1.061169624328613281e+00
1.059328198432922363e+00
1.058572411537170410e+00
1.059483051300048828e+00
1.058974862098693848e+00
1.059399962425231934e+00
1.057105064392089844e+00
1.058793663978576660e+00
1.058395862579345703e+00
1.057736277580261230e+00
1.058928966522216797e+00
1.059169888496398926e+00
1.059027075767517090e+00
1.058577179908752441e+00
1.058676600456237793e+00
1.059765100479125977e+00
1.058881759643554688e+00
1.057974815368652344e+00
1.057956576347351074e+00
1.057846903800964355e+00
1.058462858200073242e+00
1.057898402214050293e+00
1.059366583824157715e+00
1.058775305747985840e+00
1.058595418930053711e+00
1.057646274566650391e+00
1.058339953422546387e+00
1.057838797569274902e+00
1.058184027671813965e+00
