1.558484882116317749e-01
2.110757529735565186e-01
3.120530247688293457e-01
3.613484799861907959e-01
4.038560688495635986e-01
4.254090785980224609e-01
4.364090859889984131e-01
4.333257675170898438e-01
4.654924273490905762e-01
4.771818220615386963e-01
4.810000061988830566e-01
4.917651414871215820e-01
5.023939609527587891e-01
5.141136646270751953e-01
5.137272477149963379e-01
5.274772644042968750e-01
5.302954316139221191e-01
5.317727327346801758e-01
5.387499928474426270e-01
5.393409132957458496e-01
5.336515307426452637e-01
5.220227241516113281e-01
5.407954454421997070e-01
5.374772548675537109e-01
5.416742563247680664e-01
5.471363663673400879e-01
5.469318032264709473e-01
5.485302805900573730e-01
5.503939390182495117e-01
5.536288022994995117e-01
5.516893863677978516e-01
5.507196784019470215e-01
5.539014935493469238e-01
5.541060566902160645e-01
5.555454492568969727e-01
5.557348728179931641e-01
5.581439137458801270e-01
5.585757493972778320e-01
5.597424507141113281e-01
5.613636374473571777e-01
5.612651705741882324e-01
5.624318122863769531e-01
5.637575984001159668e-01
5.660606026649475098e-01
5.661439299583435059e-01
5.682120919227600098e-01
5.689469575881958008e-01
5.732348561286926270e-01
5.739924311637878418e-01
5.770909190177917480e-01
5.797954797744750977e-01
5.834166407585144043e-01
5.873106122016906738e-01
5.951742529869079590e-01
5.993105769157409668e-01
6.058030128479003906e-01
6.121287941932678223e-01
6.148939132690429688e-01
6.185833215713500977e-01
6.224469542503356934e-01
6.274545192718505859e-01
6.307120919227600098e-01
6.371893882751464844e-01
6.392121315002441406e-01
6.418030261993408203e-01
6.458636522293090820e-01
6.500378847122192383e-01
6.538712382316589355e-01
6.561136245727539062e-01
6.585530042648315430e-01
6.743333339691162109e-01
6.815909147262573242e-01
6.846287846565246582e-01
6.849015355110168457e-01
6.902045607566833496e-01
7.006590962409973145e-01
7.043939232826232910e-01
7.064469456672668457e-01
7.083257436752319336e-01
7.102878689765930176e-01
7.175227403640747070e-01
7.207727432250976562e-01
7.211742401123046875e-01
7.228711843490600586e-01
7.245681881904602051e-01
7.290303111076354980e-01
7.301818132400512695e-01
7.311136126518249512e-01
7.316515445709228516e-01
7.333787679672241211e-01
7.354015111923217773e-01
7.350227236747741699e-01
7.362727522850036621e-01
7.374924421310424805e-01
7.374166846275329590e-01
