2.244158506393432617e+00
2.059434175491333008e+00
1.839848518371582031e+00
1.703162550926208496e+00
1.579537034034729004e+00
1.530512809753417969e+00
1.494391322135925293e+00
1.497376322746276855e+00
1.398045063018798828e+00
1.357160687446594238e+00
1.349817991256713867e+00
1.334584355354309082e+00
1.317488074302673340e+00
1.298302173614501953e+00
1.307719588279724121e+00
1.271091938018798828e+00
1.263373732566833496e+00
1.256715178489685059e+00
1.236669063568115234e+00
1.234772443771362305e+00
1.252654910087585449e+00
1.283378124237060547e+00
1.227790832519531250e+00
1.235852241516113281e+00
1.221881508827209473e+00
1.208929300308227539e+00
1.209940791130065918e+00
1.202194929122924805e+00
1.200592875480651855e+00
1.193877696990966797e+00
1.195243954658508301e+00
1.195834755897521973e+00
1.191753149032592773e+00
1.188737869262695312e+00
1.184714078903198242e+00
1.181325316429138184e+00
1.178627729415893555e+00
1.174316763877868652e+00
1.174789428710937500e+00
1.168726325035095215e+00
1.164769530296325684e+00
1.166051387786865234e+00
1.161379694938659668e+00
1.156035065650939941e+00
1.151547193527221680e+00
1.151274681091308594e+00
1.149816632270812988e+00
1.139011859893798828e+00
1.135662078857421875e+00
1.131332516670227051e+00
1.125563859939575195e+00
1.117926120758056641e+00
1.114805817604064941e+00
1.102501988410949707e+00
1.094934582710266113e+00
1.083030343055725098e+00
1.071082711219787598e+00
1.060897111892700195e+00
1.050985097885131836e+00
1.041383981704711914e+00
1.023935556411743164e+00
1.015141606330871582e+00
1.002101182937622070e+00
9.917541146278381348e-01
9.851483702659606934e-01
9.740630984306335449e-01
9.603320956230163574e-01
9.485574364662170410e-01
9.403724670410156250e-01
9.326765537261962891e-01
8.808771967887878418e-01
8.635730743408203125e-01
8.507612943649291992e-01
8.472493290901184082e-01
8.342115283012390137e-01
8.017268180847167969e-01
7.894855737686157227e-01
7.822373509407043457e-01
7.753573060035705566e-01
7.701656818389892578e-01
7.443866133689880371e-01
7.384913563728332520e-01
7.333455085754394531e-01
7.271280884742736816e-01
7.243252396583557129e-01
7.100019454956054688e-01
7.062206268310546875e-01
7.037734985351562500e-01
7.007563710212707520e-01
6.980672478675842285e-01
6.922734379768371582e-01
6.892319917678833008e-01
6.874872446060180664e-01
6.855703592300415039e-01
6.847723126411437988e-01
