2.845530211925506592e-01
4.287954568862915039e-01
4.628863632678985596e-01
4.728863537311553955e-01
4.833030402660369873e-01
4.915227293968200684e-01
5.015757679939270020e-01
5.090075731277465820e-01
5.098106265068054199e-01
5.156136155128479004e-01
5.208560824394226074e-01
5.257727503776550293e-01
5.309394001960754395e-01
5.344242453575134277e-01
5.393333435058593750e-01
5.412272810935974121e-01
5.443257689476013184e-01
5.456894040107727051e-01
5.479317903518676758e-01
5.491439104080200195e-01
5.532878637313842773e-01
5.545227527618408203e-01
5.552272796630859375e-01
5.575681924819946289e-01
5.593030452728271484e-01
5.604318380355834961e-01
5.618863701820373535e-01
5.639393925666809082e-01
5.652348399162292480e-01
5.663257837295532227e-01
5.686212182044982910e-01
5.691742300987243652e-01
5.711666941642761230e-01
5.700303316116333008e-01
5.733106136322021484e-01
5.737500190734863281e-01
5.737045407295227051e-01
5.764469504356384277e-01
5.758863687515258789e-01
5.774772763252258301e-01
5.773788094520568848e-01
5.795909166336059570e-01
5.800908803939819336e-01
5.814242362976074219e-01
5.817803144454956055e-01
5.809318423271179199e-01
5.830378532409667969e-01
5.837500095367431641e-01
5.836742520332336426e-01
5.827121138572692871e-01
5.843181610107421875e-01
5.870302915573120117e-01
5.864318013191223145e-01
5.880075693130493164e-01
5.894091129302978516e-01
5.890378952026367188e-01
5.910530090332031250e-01
5.917575955390930176e-01
5.912348628044128418e-01
5.922197103500366211e-01
5.922121405601501465e-01
5.903106331825256348e-01
5.939545631408691406e-01
5.940681695938110352e-01
5.958257317543029785e-01
5.957272648811340332e-01
6.015681624412536621e-01
6.034621000289916992e-01
6.033484935760498047e-01
6.030833125114440918e-01
6.035378575325012207e-01
6.040984988212585449e-01
6.061818003654479980e-01
6.074469685554504395e-01
6.092802882194519043e-01
6.077348589897155762e-01
6.091893911361694336e-01
6.102651357650756836e-01
6.100757718086242676e-01
6.114014983177185059e-01
6.118636131286621094e-01
6.115378737449645996e-01
6.130303144454956055e-01
6.123181581497192383e-01
6.123560667037963867e-01
6.126363873481750488e-01
6.129772663116455078e-01
6.122121214866638184e-01
6.124091148376464844e-01
6.126439571380615234e-01
6.146818399429321289e-01
6.138181686401367188e-01
6.138409376144409180e-01
6.146894097328186035e-01
6.147348284721374512e-01
6.146060824394226074e-01
6.154090762138366699e-01
6.150000095367431641e-01
6.140605807304382324e-01
6.155605912208557129e-01
6.149015426635742188e-01
6.148105859756469727e-01
6.153333187103271484e-01
6.155530214309692383e-01
6.160681843757629395e-01
6.167575716972351074e-01
6.157802939414978027e-01
6.162651777267456055e-01
6.154772639274597168e-01
6.160681843757629395e-01
6.160908937454223633e-01
6.164772510528564453e-01
6.158484816551208496e-01
6.169621348381042480e-01
6.161590814590454102e-01
6.164394021034240723e-01
6.157727241516113281e-01
6.157878637313842773e-01
6.168712377548217773e-01
6.162196993827819824e-01
6.157045364379882812e-01
6.167197227478027344e-01
6.160984635353088379e-01
6.163863539695739746e-01
6.172651648521423340e-01
6.158560514450073242e-01
6.161817908287048340e-01
6.160227060317993164e-01
6.161817908287048340e-01
6.164166927337646484e-01
6.161894202232360840e-01
6.168030500411987305e-01
6.164696812629699707e-01
6.167727112770080566e-01
6.165227293968200684e-01
6.162954568862915039e-01
6.177348494529724121e-01
6.169015169143676758e-01
6.166363358497619629e-01
6.168257594108581543e-01
6.170454621315002441e-01
6.175378561019897461e-01
6.166439652442932129e-01
6.165833473205566406e-01
6.169621348381042480e-01
6.156742572784423828e-01
