1.922550320625305176e+00
1.519570469856262207e+00
1.405759334564208984e+00
1.364439845085144043e+00
1.338674187660217285e+00
1.323682308197021484e+00
1.304931282997131348e+00
1.293246388435363770e+00
1.291581988334655762e+00
1.279903888702392578e+00
1.269288182258605957e+00
1.261233091354370117e+00
1.251097679138183594e+00
1.240251541137695312e+00
1.230172514915466309e+00
1.224704980850219727e+00
1.217990517616271973e+00
1.213557243347167969e+00
1.208106040954589844e+00
1.201873779296875000e+00
1.196610927581787109e+00
1.191799998283386230e+00
1.188233017921447754e+00
1.182062625885009766e+00
1.177684783935546875e+00
1.172963261604309082e+00
1.168445587158203125e+00
1.165006041526794434e+00
1.157482743263244629e+00
1.155295014381408691e+00
1.150197505950927734e+00
1.147061705589294434e+00
1.142181634902954102e+00
1.142530679702758789e+00
1.135454535484313965e+00
1.135093212127685547e+00
1.133879303932189941e+00
1.127212762832641602e+00
1.125897407531738281e+00
1.121335148811340332e+00
1.122239351272583008e+00
1.117651104927062988e+00
1.114770889282226562e+00
1.113493680953979492e+00
1.110672473907470703e+00
1.109670281410217285e+00
1.105752944946289062e+00
1.104360938072204590e+00
1.103096961975097656e+00
1.105123162269592285e+00
1.105610013008117676e+00
1.099463462829589844e+00
1.100928068161010742e+00
1.096467614173889160e+00
1.092453002929687500e+00
1.095512747764587402e+00
1.088863849639892578e+00
1.088443756103515625e+00
1.088579773902893066e+00
1.085186362266540527e+00
1.084253430366516113e+00
1.086098551750183105e+00
1.080202817916870117e+00
1.081135034561157227e+00
1.077658653259277344e+00
1.075265765190124512e+00
1.060348868370056152e+00
1.055773496627807617e+00
1.054623961448669434e+00
1.055309891700744629e+00
1.055805683135986328e+00
1.054994225502014160e+00
1.051240801811218262e+00
1.044393777847290039e+00
1.040777802467346191e+00
1.042057275772094727e+00
1.038554549217224121e+00
1.040641427040100098e+00
1.038929104804992676e+00
1.034245967864990234e+00
1.033389210700988770e+00
1.032494783401489258e+00
1.031111240386962891e+00
1.031848549842834473e+00
1.031273245811462402e+00
1.031745433807373047e+00
1.031054615974426270e+00
1.029910326004028320e+00
1.029341220855712891e+00
1.029355645179748535e+00
1.027607679367065430e+00
1.026696205139160156e+00
1.026253700256347656e+00
1.027631998062133789e+00
1.024868369102478027e+00
1.025390744209289551e+00
1.025421500205993652e+00
1.025897383689880371e+00
1.025817990303039551e+00
1.025639653205871582e+00
1.024225592613220215e+00
1.024943470954895020e+00
1.024960517883300781e+00
1.024320840835571289e+00
1.022070407867431641e+00
1.022764444351196289e+00
1.022395014762878418e+00
1.022798895835876465e+00
1.023350238800048828e+00
1.022191762924194336e+00
1.021065950393676758e+00
1.021174192428588867e+00
1.020968079566955566e+00
1.020439743995666504e+00
1.020802974700927734e+00
1.020910382270812988e+00
1.020978212356567383e+00
1.022700548171997070e+00
1.020700573921203613e+00
1.021496891975402832e+00
1.020632266998291016e+00
1.019749641418457031e+00
1.020614147186279297e+00
1.020013451576232910e+00
1.019259929656982422e+00
1.020500659942626953e+00
1.021339297294616699e+00
1.020830988883972168e+00
1.020973920822143555e+00
1.020052194595336914e+00
1.021042823791503906e+00
1.019410371780395508e+00
1.020798206329345703e+00
1.019771099090576172e+00
1.019881129264831543e+00
1.020068645477294922e+00
1.019990563392639160e+00
1.019576191902160645e+00
1.019908547401428223e+00
1.020659327507019043e+00
1.019672155380249023e+00
1.019946694374084473e+00
1.020401716232299805e+00
1.019917726516723633e+00
1.019399166107177734e+00
1.020048975944519043e+00
