2.398246288299560547e+00
2.239343166351318359e+00
2.073133707046508789e+00
1.873071908950805664e+00
1.721667647361755371e+00
1.624298214912414551e+00
1.524453282356262207e+00
1.483783602714538574e+00
1.455873847007751465e+00
1.438034534454345703e+00
1.412992119789123535e+00
1.401255607604980469e+00
1.397202134132385254e+00
1.384348630905151367e+00
1.374797582626342773e+00
1.366790413856506348e+00
1.354082226753234863e+00
1.352658271789550781e+00
1.331958651542663574e+00
1.324743509292602539e+00
1.313844203948974609e+00
1.311169385910034180e+00
1.304788827896118164e+00
1.295099735260009766e+00
1.292623639106750488e+00
1.288024425506591797e+00
1.282413721084594727e+00
1.275421857833862305e+00
1.277662754058837891e+00
1.272102952003479004e+00
1.261093616485595703e+00
1.264641642570495605e+00
1.255060553550720215e+00
1.251944661140441895e+00
1.252055525779724121e+00
1.243942499160766602e+00
1.242029786109924316e+00
1.243197083473205566e+00
1.240423798561096191e+00
1.237740516662597656e+00
1.233342647552490234e+00
1.233067512512207031e+00
1.232116818428039551e+00
1.225218772888183594e+00
1.227413535118103027e+00
1.223980784416198730e+00
1.220958352088928223e+00
1.218520998954772949e+00
1.218045592308044434e+00
1.216457962989807129e+00
1.214439392089843750e+00
1.212949037551879883e+00
1.213603973388671875e+00
1.210716605186462402e+00
1.207427382469177246e+00
1.207989096641540527e+00
1.205174446105957031e+00
1.197568655014038086e+00
1.193712115287780762e+00
1.191875934600830078e+00
1.192071080207824707e+00
1.192124128341674805e+00
1.191393017768859863e+00
1.191207408905029297e+00
1.190522789955139160e+00
1.189350008964538574e+00
1.182356119155883789e+00
1.182565450668334961e+00
1.182593345642089844e+00
1.179564356803894043e+00
1.180784940719604492e+00
1.179881572723388672e+00
1.179892301559448242e+00
1.179687976837158203e+00
1.180411458015441895e+00
1.178174972534179688e+00
1.179394483566284180e+00
1.178426623344421387e+00
1.179188489913940430e+00
1.177125096321105957e+00
1.177103400230407715e+00
1.176653027534484863e+00
1.172295808792114258e+00
1.173333525657653809e+00
1.173613190650939941e+00
1.172168135643005371e+00
1.172235369682312012e+00
1.172367095947265625e+00
1.172232389450073242e+00
1.171368002891540527e+00
1.170669913291931152e+00
1.172015070915222168e+00
1.170649647712707520e+00
1.170995116233825684e+00
1.169846773147583008e+00
1.168739676475524902e+00
1.168359637260437012e+00
1.168932795524597168e+00
1.168383479118347168e+00
1.167990207672119141e+00
1.167087197303771973e+00
1.166632533073425293e+00
1.167530417442321777e+00
1.167978405952453613e+00
1.167181491851806641e+00
1.167404651641845703e+00
1.166543960571289062e+00
1.166546344757080078e+00
1.166470766067504883e+00
1.165436625480651855e+00
1.165726661682128906e+00
1.166676878929138184e+00
1.165316462516784668e+00
1.166181325912475586e+00
1.166464686393737793e+00
1.165217995643615723e+00
1.166054368019104004e+00
1.165515661239624023e+00
1.165882945060729980e+00
