9.134090691804885864e-02
1.528484821319580078e-01
2.269318252801895142e-01
3.136969804763793945e-01
3.695909082889556885e-01
4.001439511775970459e-01
4.328863620758056641e-01
4.444091022014617920e-01
4.527878761291503906e-01
4.580984711647033691e-01
4.665984809398651123e-01
4.683560729026794434e-01
4.709545373916625977e-01
4.738939404487609863e-01
4.782499969005584717e-01
4.816363751888275146e-01
4.881363511085510254e-01
4.920378923416137695e-01
5.006818175315856934e-01
5.061818361282348633e-01
5.097500085830688477e-01
5.105530023574829102e-01
5.135454535484313965e-01
5.168560743331909180e-01
5.184999704360961914e-01
5.194242596626281738e-01
5.213863849639892578e-01
5.226287841796875000e-01
5.235075950622558594e-01
5.254772901535034180e-01
5.296136140823364258e-01
5.286969542503356934e-01
5.307424068450927734e-01
5.320378541946411133e-01
5.318636298179626465e-01
5.355530381202697754e-01
5.352651476860046387e-01
5.349848270416259766e-01
5.365833044052124023e-01
5.369545221328735352e-01
5.384848713874816895e-01
5.393560528755187988e-01
5.379317998886108398e-01
5.416742563247680664e-01
5.400000214576721191e-01
5.410454273223876953e-01
5.424621105194091797e-01
5.424318313598632812e-01
5.431287884712219238e-01
5.426591038703918457e-01
5.451287627220153809e-01
5.457500219345092773e-01
5.440075993537902832e-01
5.456439256668090820e-01
5.458636283874511719e-01
5.477651357650756836e-01
5.478106141090393066e-01
5.502879023551940918e-01
5.515303015708923340e-01
5.535454750061035156e-01
5.534545183181762695e-01
5.528636574745178223e-01
5.528181791305541992e-01
5.525151491165161133e-01
5.536894202232360840e-01
5.542045235633850098e-01
5.555984973907470703e-01
5.553030371665954590e-01
5.555151700973510742e-01
5.576060414314270020e-01
5.558257699012756348e-01
5.567727088928222656e-01
5.571590662002563477e-01
5.567575693130493164e-01
5.574166774749755859e-01
5.590151548385620117e-01
5.575984716415405273e-01
5.574697256088256836e-01
5.578636527061462402e-01
5.588560700416564941e-01
5.589242577552795410e-01
5.590378642082214355e-01
5.597196817398071289e-01
5.602348446846008301e-01
5.604772567749023438e-01
5.606591105461120605e-01
5.604621171951293945e-01
5.600151419639587402e-01
5.600984692573547363e-01
5.610530376434326172e-01
5.613484978675842285e-01
5.610984563827514648e-01
5.615757703781127930e-01
5.611590743064880371e-01
5.619545578956604004e-01
5.608181953430175781e-01
5.611287951469421387e-01
5.621818304061889648e-01
5.619545578956604004e-01
5.627954602241516113e-01
5.626590847969055176e-01
5.632045269012451172e-01
5.628939270973205566e-01
5.634469985961914062e-01
5.625379085540771484e-01
5.625833272933959961e-01
5.634545683860778809e-01
5.624924302101135254e-01
5.627197027206420898e-01
5.633712410926818848e-01
5.632424354553222656e-01
5.626969933509826660e-01
5.633939504623413086e-01
5.630075931549072266e-01
5.637272596359252930e-01
5.630833506584167480e-01
5.634469985961914062e-01
5.623939633369445801e-01
5.642272830009460449e-01
