2.042821943759918213e-01
3.161799311637878418e-01
3.690965771675109863e-01
3.910473585128784180e-01
4.074147641658782959e-01
4.229659140110015869e-01
4.368749856948852539e-01
4.472935497760772705e-01
4.539128839969635010e-01
4.615302979946136475e-01
4.650605916976928711e-01
4.703655242919921875e-01
4.753731191158294678e-01
4.797291755676269531e-01
4.833333194255828857e-01
4.870549142360687256e-01
4.905359745025634766e-01
4.954488575458526611e-01
5.017499923706054688e-01
5.076117515563964844e-01
5.132879018783569336e-01
5.203238725662231445e-01
5.258314609527587891e-01
5.290359854698181152e-01
5.320037603378295898e-01
5.335170626640319824e-01
5.363352298736572266e-01
5.373503565788269043e-01
5.392405390739440918e-01
5.408484935760498047e-01
5.417954325675964355e-01
5.423920750617980957e-01
5.433712005615234375e-01
5.444261431694030762e-01
5.448485016822814941e-01
5.459318161010742188e-01
5.465264916419982910e-01
5.468503832817077637e-01
5.480738878250122070e-01
5.485056638717651367e-01
5.482897758483886719e-01
5.490605831146240234e-01
5.496325492858886719e-01
5.502462387084960938e-01
5.501723289489746094e-01
5.507424473762512207e-01
5.520132780075073242e-01
5.524072051048278809e-01
5.530132651329040527e-01
5.526666641235351562e-01
5.534583330154418945e-01
5.539128780364990234e-01
5.543162822723388672e-01
5.542897582054138184e-01
5.551666617393493652e-01
5.553484559059143066e-01
5.557651519775390625e-01
5.560625195503234863e-01
5.560075640678405762e-01
5.592443346977233887e-01
5.591818094253540039e-01
5.592272877693176270e-01
5.598579645156860352e-01
5.594356060028076172e-01
5.604735016822814941e-01
5.614848732948303223e-01
5.621742606163024902e-01
5.621913075447082520e-01
5.618749856948852539e-01
5.626060366630554199e-01
5.626420378684997559e-01
5.626496076583862305e-01
5.634867548942565918e-01
5.638011097908020020e-01
5.639242529869079590e-01
5.640606284141540527e-01
5.638352036476135254e-01
5.639829635620117188e-01
5.640701055526733398e-01
5.642670392990112305e-01
5.643295645713806152e-01
5.644450783729553223e-01
5.648750066757202148e-01
5.651476979255676270e-01
5.650359988212585449e-01
5.650795698165893555e-01
5.652443170547485352e-01
5.655094981193542480e-01
5.656022429466247559e-01
5.657765269279479980e-01
5.657878518104553223e-01
5.655776262283325195e-01
5.657802820205688477e-01
5.659867525100708008e-01
5.659545660018920898e-01
5.656837224960327148e-01
5.660303235054016113e-01
5.659109950065612793e-01
5.657443404197692871e-01
5.659924149513244629e-01
5.658769011497497559e-01
5.658276677131652832e-01
5.660985112190246582e-01
5.659242272377014160e-01
5.662215948104858398e-01
5.658712387084960938e-01
5.661439299583435059e-01
5.663920640945434570e-01
5.659526586532592773e-01
5.660776495933532715e-01
5.660303235054016113e-01
5.661401748657226562e-01
5.662462115287780762e-01
5.658939480781555176e-01
5.663825869560241699e-01
5.663124918937683105e-01
5.661590695381164551e-01
5.662841200828552246e-01
5.663768649101257324e-01
5.659450888633728027e-01
5.663371086120605469e-01
5.661136507987976074e-01
5.662651658058166504e-01
