2.362039834260940552e-01
1.845903098583221436e-01
1.697408556938171387e-01
1.633557081222534180e-01
1.579818427562713623e-01
1.526981741189956665e-01
1.486661285161972046e-01
1.454553604125976562e-01
1.433588117361068726e-01
1.408960223197937012e-01
1.394991576671600342e-01
1.378879398107528687e-01
1.365794986486434937e-01
1.355464160442352295e-01
1.347197294235229492e-01
1.337967813014984131e-01
1.331061571836471558e-01
1.324016451835632324e-01
1.315611451864242554e-01
1.305962651968002319e-01
1.294932961463928223e-01
1.281139105558395386e-01
1.270705610513687134e-01
1.262452900409698486e-01
1.255671232938766479e-01
1.249888464808464050e-01
1.244106143712997437e-01
1.239540874958038330e-01
1.235105842351913452e-01
1.231091246008872986e-01
1.228108257055282593e-01
1.225110217928886414e-01
1.222745031118392944e-01
1.220476776361465454e-01
1.218416318297386169e-01
1.216592714190483093e-01
1.215083822607994080e-01
1.213343888521194458e-01
1.211028099060058594e-01
1.210119724273681641e-01
1.208819374442100525e-01
1.206799671053886414e-01
1.206337064504623413e-01
1.204843521118164062e-01
1.204185709357261658e-01
1.202602013945579529e-01
1.201197728514671326e-01
1.199841052293777466e-01
1.198897510766983032e-01
1.198442727327346802e-01
1.196887716650962830e-01
1.196013912558555603e-01
1.194885894656181335e-01
1.194292753934860229e-01
1.193188577890396118e-01
1.192819625139236450e-01
1.192039623856544495e-01
1.191109716892242432e-01
1.190809011459350586e-01
1.184075847268104553e-01
1.183900758624076843e-01
1.183330640196800232e-01
1.182646602392196655e-01
1.182521209120750427e-01
1.181893348693847656e-01
1.178691014647483826e-01
1.178072392940521240e-01
1.177754923701286316e-01
1.177655681967735291e-01
1.177145689725875854e-01
1.177024394273757935e-01
1.176704913377761841e-01
1.174916401505470276e-01
1.174867302179336548e-01
1.174583062529563904e-01
1.174608469009399414e-01
1.174431070685386658e-01
1.173899024724960327e-01
1.174002140760421753e-01
1.174157261848449707e-01
1.173819825053215027e-01
1.173931285738945007e-01
1.172856390476226807e-01
1.172706410288810730e-01
1.173039749264717102e-01
1.172364577651023865e-01
1.172563880681991577e-01
1.172164082527160645e-01
1.171779185533523560e-01
1.171756982803344727e-01
1.171939298510551453e-01
1.171740069985389709e-01
1.171683296561241150e-01
1.171861290931701660e-01
1.171630844473838806e-01
1.171698942780494690e-01
1.171204373240470886e-01
1.171403303742408752e-01
1.171234175562858582e-01
1.171440184116363525e-01
1.171362027525901794e-01
1.171308979392051697e-01
1.170892342925071716e-01
1.171078681945800781e-01
1.171053275465965271e-01
1.171103939414024353e-01
1.171029135584831238e-01
1.170974150300025940e-01
1.171211302280426025e-01
1.171072199940681458e-01
1.171335726976394653e-01
1.170999854803085327e-01
1.171066612005233765e-01
1.171104013919830322e-01
1.170839294791221619e-01
1.171093061566352844e-01
1.171083822846412659e-01
1.171011105179786682e-01
1.170938611030578613e-01
1.170973107218742371e-01
1.171007677912712097e-01
1.170853599905967712e-01
1.170947104692459106e-01
