2.111705780029296875e+00
1.700028538703918457e+00
1.520426511764526367e+00
1.464843273162841797e+00
1.434756636619567871e+00
1.418892741203308105e+00
1.401762843132019043e+00
1.393090605735778809e+00
1.383862495422363281e+00
1.374897956848144531e+00
1.369339704513549805e+00
1.363875031471252441e+00
1.362235188484191895e+00
1.356945514678955078e+00
1.351554036140441895e+00
1.347454667091369629e+00
1.342521548271179199e+00
1.340357422828674316e+00
1.336322903633117676e+00
1.333775401115417480e+00
1.331180572509765625e+00
1.326988220214843750e+00
1.322034955024719238e+00
1.320399165153503418e+00
1.314599037170410156e+00
1.310010910034179688e+00
1.309574365615844727e+00
1.308717370033264160e+00
1.304978013038635254e+00
1.301784873008728027e+00
1.298530697822570801e+00
1.297680735588073730e+00
1.292652487754821777e+00
1.293166041374206543e+00
1.291509151458740234e+00
1.289182424545288086e+00
1.289305925369262695e+00
1.285947561264038086e+00
1.286035180091857910e+00
1.282116174697875977e+00
1.280615329742431641e+00
1.282309055328369141e+00
1.278767824172973633e+00
1.277625203132629395e+00
1.276523113250732422e+00
1.278414845466613770e+00
1.271655440330505371e+00
1.272557377815246582e+00
1.256444931030273438e+00
1.252794265747070312e+00
1.252686142921447754e+00
1.251685976982116699e+00
1.248334288597106934e+00
1.248013138771057129e+00
1.249763488769531250e+00
1.245994329452514648e+00
1.244722962379455566e+00
1.238031387329101562e+00
1.232209205627441406e+00
1.233718752861022949e+00
1.235867381095886230e+00
1.232830286026000977e+00
1.233153104782104492e+00
1.231549859046936035e+00
1.231629133224487305e+00
1.231555938720703125e+00
1.231130957603454590e+00
1.230019569396972656e+00
1.227832436561584473e+00
1.229732751846313477e+00
1.227931022644042969e+00
1.226451396942138672e+00
1.227983832359313965e+00
1.226579546928405762e+00
1.224404692649841309e+00
1.223587751388549805e+00
1.220536351203918457e+00
1.219375252723693848e+00
1.220738530158996582e+00
1.218272328376770020e+00
1.220585465431213379e+00
1.218522429466247559e+00
1.219072699546813965e+00
1.217211604118347168e+00
1.215805411338806152e+00
1.215607762336730957e+00
1.217230439186096191e+00
1.214131593704223633e+00
1.215081930160522461e+00
1.216034650802612305e+00
1.215546131134033203e+00
1.213485360145568848e+00
1.214551568031311035e+00
1.214074492454528809e+00
1.212716341018676758e+00
1.214389562606811523e+00
1.213297486305236816e+00
1.213672161102294922e+00
1.214196324348449707e+00
1.211234688758850098e+00
1.212224364280700684e+00
1.213643789291381836e+00
1.212065458297729492e+00
1.211370944976806641e+00
1.211805105209350586e+00
1.212302565574645996e+00
1.211731791496276855e+00
1.212385535240173340e+00
1.210751652717590332e+00
1.213105082511901855e+00
1.210233688354492188e+00
1.210776090621948242e+00
1.212483644485473633e+00
1.212127089500427246e+00
1.210695505142211914e+00
1.210309386253356934e+00
1.211066126823425293e+00
1.211418986320495605e+00
1.211502790451049805e+00
1.212643861770629883e+00
1.210605859756469727e+00
1.211618900299072266e+00
1.212643027305603027e+00
1.210549354553222656e+00
1.211564183235168457e+00
1.211394190788269043e+00
1.211696743965148926e+00
1.211578845977783203e+00
1.211767554283142090e+00
1.210526704788208008e+00
1.212210655212402344e+00
1.212613821029663086e+00
1.211429595947265625e+00
1.211323380470275879e+00
