2.156666666269302368e-01
3.722499907016754150e-01
4.319469630718231201e-01
4.458333253860473633e-01
4.563484787940979004e-01
4.609621167182922363e-01
4.660606086254119873e-01
4.702500104904174805e-01
4.731893837451934814e-01
4.771060645580291748e-01
4.796893894672393799e-01
4.820606112480163574e-01
4.822575747966766357e-01
4.835605919361114502e-01
4.879393875598907471e-01
4.899318218231201172e-01
4.918863773345947266e-01
4.944090843200683594e-01
4.961893856525421143e-01
4.965757429599761963e-01
4.995984733104705811e-01
5.013257861137390137e-01
5.043333172798156738e-01
5.041590929031372070e-01
5.070378780364990234e-01
5.095075964927673340e-01
5.094923973083496094e-01
5.100908875465393066e-01
5.108788013458251953e-01
5.139545202255249023e-01
5.141590833663940430e-01
5.146136283874511719e-01
5.177727341651916504e-01
5.161818265914916992e-01
5.175530314445495605e-01
5.179318189620971680e-01
5.195075869560241699e-01
5.209318399429321289e-01
5.206515192985534668e-01
5.213636159896850586e-01
5.235757827758789062e-01
5.230302810668945312e-01
5.237575769424438477e-01
5.233485102653503418e-01
5.238788127899169922e-01
5.248030424118041992e-01
5.248257517814636230e-01
5.256969928741455078e-01
5.317727327346801758e-01
5.336439609527587891e-01
5.326893925666809082e-01
5.331742167472839355e-01
5.351287722587585449e-01
5.349242687225341797e-01
5.342575907707214355e-01
5.372121334075927734e-01
5.365378856658935547e-01
5.388257503509521484e-01
5.428939461708068848e-01
5.420757532119750977e-01
5.401893854141235352e-01
5.423105955123901367e-01
5.418257713317871094e-01
5.424014925956726074e-01
5.421969890594482422e-01
5.417348742485046387e-01
5.433484911918640137e-01
5.447348356246948242e-01
5.443106293678283691e-01
5.451742410659790039e-01
5.451969504356384277e-01
5.465303063392639160e-01
5.449696779251098633e-01
5.453636646270751953e-01
5.469469428062438965e-01
5.477879047393798828e-01
5.487803220748901367e-01
5.494242310523986816e-01
5.483939647674560547e-01
5.491363406181335449e-01
5.499545335769653320e-01
5.501136183738708496e-01
5.487348437309265137e-01
5.499924421310424805e-01
5.512348413467407227e-01
5.520227551460266113e-01
5.506591200828552246e-01
5.525151491165161133e-01
5.527045726776123047e-01
5.510075688362121582e-01
5.520075559616088867e-01
5.520757436752319336e-01
5.527348518371582031e-01
5.523712038993835449e-01
5.523409247398376465e-01
5.521742701530456543e-01
5.534469485282897949e-01
5.532121062278747559e-01
5.504469871520996094e-01
5.539848208427429199e-01
5.534015297889709473e-01
5.530530214309692383e-01
5.533787608146667480e-01
5.524545311927795410e-01
5.533560514450073242e-01
5.538939237594604492e-01
5.531969666481018066e-01
5.526515245437622070e-01
5.542727112770080566e-01
5.525833368301391602e-01
5.534166693687438965e-01
5.531363487243652344e-01
5.525302886962890625e-01
5.537575483322143555e-01
5.537499785423278809e-01
5.531514883041381836e-01
5.536742210388183594e-01
5.538485050201416016e-01
5.549620985984802246e-01
5.530833601951599121e-01
5.528333187103271484e-01
5.526288151741027832e-01
5.533409118652343750e-01
5.541818141937255859e-01
5.529015064239501953e-01
5.535302758216857910e-01
5.522651672363281250e-01
5.536894202232360840e-01
5.526136159896850586e-01
5.544469952583312988e-01
5.530681610107421875e-01
5.529318451881408691e-01
5.540302991867065430e-01
5.538712143898010254e-01
